Tempo inicial:  1620763193.885038
D 92.8187141418457 88.0570182800293 7.894280672073364
E 165.93865203857422 68.14110469818115 8.223164796829224
D 71.27294540405273 66.15942001342773 8.33587098121643
D 81.56467819213867 74.78358173370361 8.445337533950806
D 84.02051162719727 70.62820434570312 8.555972337722778
D 80.01680755615234 70.07843208312988 8.664459466934204
D 82.11959457397461 72.77608108520508 8.779212713241577
D 74.03149795532227 68.65879249572754 8.884737253189087
D 79.37777709960938 72.58222198486328 9.001134634017944
D 80.44061279296875 67.14559364318848 9.105589389801025
D 74.5 67.5 9.217607259750366
D 80.5 70.5 9.325247049331665
E 177.7810287475586 72.38120555877686 9.327011108398438
D 78.15568923950195 65.5608777999878 9.435996532440186
D 76.04474258422852 68.60850143432617 9.544718503952026
D 68.5 65.6666669845581 9.64893364906311
E 161.21875 62.78993034362793 10.09439206123352
E 162.06896591186523 61.218390464782715 10.203415155410767
D 62.13661193847656 60.26958084106445 10.20532488822937
E 161.13099479675293 63.0222225189209 10.31332516670227
D 60.68739128112793 66.53367900848389 10.315134048461914
E 163.1951560974121 66.2635326385498 10.429884195327759
D 61.934295654296875 68.64262866973877 10.432409524917603
E 164.98294639587402 67.24961280822754 10.543666362762451
D 63.58333206176758 70.00146198272705 10.54601788520813
E 162.1183681488037 65.02176856994629 10.651836395263672
D 60.89827919006348 67.47104835510254 10.65385890007019
E 161.9746379852295 66.06521701812744 10.757256031036377
D 61.03288459777832 69.18834114074707 10.759282350540161
D 41.64242458343506 67.59393978118896 10.760508060455322
E 163.85328102111816 67.65508365631104 10.881262063980103
D 62.56420135498047 69.65758800506592 10.883431673049927
D 62.96120643615723 70.25718402862549 10.981436014175415
E 164.21666717529297 67.23452377319336 10.983496904373169
E 163.64427947998047 65.61194038391113 11.094418287277222
D 61.870439529418945 68.08804988861084 11.0971360206604
E 163.3719997406006 65.74666690826416 11.192731142044067
D 61.176265716552734 65.84467697143555 11.194594383239746
E 162.17257690429688 68.9184398651123 11.319924592971802
D 60.36960220336914 70.4939546585083 11.324934482574463
E 161.22721672058105 65.5730333328247 11.426332235336304
D 59.54629707336426 68.18703746795654 11.429073095321655
E 162.4333324432373 63.95862102508545 11.534998893737793
D 60.42194175720215 68.57805919647217 11.536685228347778
E 161.2643280029297 63.99064350128174 11.643721103668213
D 58.955326080322266 68.16322994232178 11.646029710769653
E 161.34993171691895 65.86030387878418 11.754641056060791
D 59.663461685180664 68.85737133026123 11.756600856781006
E 165.60178184509277 67.10305309295654 11.864039421081543
D 63.847517013549805 69.20035457611084 11.865942239761353
E 160.84104347229004 66.14234828948975 11.987926483154297
D 59.321319580078125 68.51201248168945 11.990220308303833
D 39.942307472229004 65.87179470062256 11.991492509841919
E 162.45098114013672 63.704482078552246 12.079061508178711
D 60.779300689697266 66.28614902496338 12.081048488616943
E 165.44310569763184 64.10441780090332 12.194493055343628
D 63.59729194641113 67.83925533294678 12.196442127227783
E 164.44871711730957 71.48717975616455 12.301480770111084
D 63.138614654541016 72.6666669845581 12.303250312805176
E 162.90399932861328 66.38133335113525 12.417234659194946
D 61.16129112243652 68.17972373962402 12.41900634765625
E 161.7097282409668 64.41626834869385 12.522461175918579
D 59.54597854614258 65.8026819229126 12.52446961402893
E 165.0224723815918 67.45068645477295 12.633390188217163
D 63.19288444519043 68.82209777832031 12.63540267944336
E 162.08550643920898 65.25942039489746 12.74807095527649
E 162.4743595123291 66.85327625274658 12.856009721755981
D 61.50526237487793 69.7491226196289 12.85775375366211
E 161.54013633728027 63.604082107543945 12.965714693069458
D 59.31907272338867 66.0873441696167 12.967786312103271
E 159.6957664489746 65.6547622680664 13.07987356185913
D 57.69767379760742 68.03255844116211 13.081947088241577
D 60.89871025085449 70.1712703704834 13.185739040374756
E 162.6953239440918 69.2096529006958 13.1878662109375
E 160.83834075927734 64.08583736419678 13.294902086257935
D 59.29213523864746 64.5355806350708 13.296610832214355
D 61.033708572387695 67.513108253479 13.403470516204834
E 162.33805084228516 67.39779853820801 13.405518054962158
E 162.67259216308594 65.23407363891602 13.511578559875488
D 60.95075798034668 65.19128799438477 13.513344764709473
E 160.35284614562988 63.67642307281494 13.621824979782104
D 58.12574768066406 63.82834339141846 13.623624086380005
E 159.74728775024414 66.5410852432251 13.729259252548218
D 58.68484878540039 66.34747505187988 13.731039762496948
E 159.88736724853516 64.80213069915771 13.844546794891357
D 58.80656433105469 63.50777244567871 13.84631896018982
E 159.02015495300293 62.59224796295166 13.952950477600098
D 57.030595779418945 62.80032253265381 13.954744100570679
D 60.84294891357422 66.77243614196777 14.069459438323975
E 162.3826084136963 66.70724678039551 14.071170091629028
E 160.00968170166016 63.655601501464844 14.168484687805176
D 60.119930267333984 63.58201026916504 14.279078245162964
E 159.36929512023926 67.16182613372803 14.389852523803711
D 58.147727966308594 67.33143901824951 14.391638040542603
D 58.61793327331543 65.81481456756592 14.503379344940186
E 160.7111110687256 65.1666669845581 14.505392789840698
E 162.3207550048828 63.304402351379395 14.617662906646729
E 164.08217239379883 64.83410835266113 14.725270509719849
D 62.60000038146973 65.15303039550781 14.727129936218262
E 161.34739875793457 60.632911682128906 14.832643270492554
D 59.135658264160156 61.087209701538086 14.8346426486969
E 161.2340431213379 64.7464542388916 14.94983696937561
D 59.13737487792969 65.23030281066895 14.951971530914307
E 162.99081420898438 66.61548519134521 15.056165218353271
D 61.18242073059082 67.78772830963135 15.058300256729126
E 159.20148086547852 64.63555526733398 15.1630699634552
D 57.89629554748535 64.82592582702637 15.165625095367432
E 160.84127044677734 66.13888931274414 15.275415182113647
D 59.36286926269531 68.18776416778564 15.277356386184692
E 160.1993236541748 63.41328811645508 15.383570194244385
E 162.39324188232422 65.97695827484131 15.499611616134644
D 59.9139289855957 65.49139308929443 15.501482009887695
E 160.22176361083984 64.62121200561523 15.61678433418274
D 58.64361572265625 66.06028366088867 15.619037389755249
E 161.3346767425537 63.82930088043213 15.727774143218994
D 58.96731948852539 64.78758144378662 15.732852458953857
D 63.33143997192383 68.35984802246094 15.825182676315308
E 158.1536636352539 65.98818016052246 17.135524034500122
D 102.79342651367188 88.66979598999023 19.560240030288696
D 83.07666778564453 65.76000022888184 21.102364778518677
D 83.06432723999023 70.16958999633789 21.210488319396973
D 86.21985626220703 67.40425491333008 21.31984257698059
D 80.56177139282227 64.7296028137207 21.435463428497314
E 172.49352645874023 74.20873832702637 21.437262535095215
E 170.7688980102539 72.26853942871094 21.548068284988403
D 80.36666488647461 72.1862735748291 21.662819623947144
D 75.05555725097656 67.55555534362793 21.76625370979309
D 72.13333511352539 63.74202919006348 21.87525963783264
E 154.8858184814453 58.88213539123535 22.31217074394226
D 55.06536102294922 58.06862831115723 22.314009189605713
E 157.07355308532715 63.15492916107178 22.42166566848755
D 58.24055099487305 58.73883247375488 22.423704385757446
E 160.4782600402832 65.35072422027588 22.539039850234985
D 60.16233825683594 68.6363639831543 22.54082417488098
E 159.27666664123535 66.59833335876465 22.646093606948853
D 60.287546157836914 67.71794891357422 22.647796392440796
E 160.75362396240234 65.5811595916748 22.75855040550232
D 61.425926208496094 66.17676734924316 22.760957956314087
D 60.165775299072266 69.06060600280762 22.869845151901245
E 159.8772735595703 65.58939361572266 22.872700691223145
E 160.33877563476562 64.33741474151611 22.976073741912842
D 61.45075607299805 65.60606098175049 22.977948904037476
E 164.3030300140381 66.88842964172363 23.090264081954956
D 64.89594268798828 67.85361576080322 23.0931077003479
E 159.84263229370117 64.14163112640381 23.19652032852173
D 60.290849685668945 66.1013069152832 23.198490858078003
E 165.09948348999023 68.11240291595459 23.310267210006714
D 65.4759349822998 69.76648807525635 23.312344312667847
E 161.01178359985352 67.93602657318115 23.420336484909058
D 61.60000038146973 68.40740776062012 23.422338724136353
E 160.5 70.35399436950684 23.53375005722046
D 61.06321907043457 70.35823726654053 23.536466360092163
E 162.14330291748047 68.26947021484375 23.656383275985718
D 62.230770111083984 68.48717975616455 23.658592700958252
E 156.9866065979004 63.708333015441895 23.755645036697388
D 57.0206184387207 64.95360851287842 23.757764101028442
E 154.951021194458 61.83809566497803 23.85749650001526
D 55.41347885131836 64.62295055389404 23.859529495239258
E 158.32928466796875 68.68690967559814 23.978042602539062
D 58.87893104553223 69.0062894821167 23.979882955551147
D 40.98974323272705 66.85128211975098 23.98104190826416
D 36.81531524658203 67.02702713012695 24.07788610458374
D 56.5993595123291 65.32051277160645 24.07915186882019
E 157.02016067504883 63.80107498168945 24.08079171180725
E 157.9272975921631 64.26611804962158 24.193568229675293
D 57.40849685668945 65.49182987213135 24.19535183906555
D 38.777777671813965 62.71895408630371 24.196572303771973
E 158.1993293762207 63.7922945022583 24.297500133514404
D 57.3065128326416 65.44827556610107 24.29926109313965
E 160.12012100219727 63.02402400970459 24.413381338119507
D 60.09146308898926 65.27032566070557 24.415256023406982
E 162.72942733764648 64.51882839202881 24.51949977874756
D 62.655059814453125 66.39966869354248 24.52146315574646
E 160.4720001220703 64.20266628265381 24.633999586105347
D 60.538835525512695 65.94336605072021 24.635717153549194
E 160.83539009094238 62.18518543243408 24.741133213043213
D 61.21438980102539 64.03524208068848 24.742910861968994
E 160.46480751037598 65.63745021820068 24.85404634475708
D 60.770931243896484 69.6872034072876 24.8561851978302
E 164.5238094329834 66.92496395111084 24.968642950057983
D 64.86010360717773 67.27115726470947 24.970977306365967
E 163.53279876708984 67.38018703460693 25.074953317642212
D 63.60262680053711 68.5714282989502 25.077394008636475
E 160.75444793701172 61.81850528717041 25.176570892333984
D 61.23088836669922 63.782875061035156 25.18090033531189
E 161.56190490722656 65.21088409423828 25.292099714279175
D 61.55054473876953 65.07513618469238 25.294214487075806
E 160.35341453552246 65.85676002502441 25.398473501205444
D 60.622406005859375 67.36237907409668 25.400434970855713
D 60.60309982299805 65.31627941131592 25.517762184143066
E 158.5940341949463 64.49805450439453 25.61351227760315
D 58.29661178588867 65.07344627380371 25.615540742874146
E 162.19674110412598 67.62656688690186 25.73081612586975
D 61.261260986328125 67.25225257873535 25.732669353485107
E 156.91970825195312 63.76155757904053 25.845855712890625
D 56.743446350097656 66.15730381011963 25.847878217697144
E 157.58490562438965 63.64905643463135 25.951284885406494
D 58.08333206176758 65.63095283508301 25.953423738479614
D 59.619468688964844 68.50589942932129 26.066378593444824
D 39.61904716491699 66.13650798797607 26.067603588104248
E 158.9453125 65.8111982345581 26.069825887680054
E 159.8591194152832 63.64402484893799 26.173908472061157
D 59.81556701660156 66.65482234954834 26.175654888153076
D 41.36546230316162 62.52610397338867 26.17683982849121
E 158.6736354827881 64.08013916015625 26.28554892539978
E 159.01593208312988 62.56372547149658 26.391355276107788
D 58.61969757080078 63.869696617126465 26.393146991729736
D 40.303030014038086 59.8874454498291 26.394333362579346
E 160.75721740722656 62.939632415771484 26.50311279296875
D 59.90338134765625 64.04347801208496 26.505426168441772
D 41.85310745239258 60.395480155944824 26.50661277770996
E 159.43711853027344 66.6446886062622 26.625009298324585
D 60.0633487701416 69.11764717102051 26.627113103866577
E 159.03718376159668 65.87383842468262 26.730722665786743
D 58.066667556762695 66.38558578491211 26.734673261642456
E 158.03278732299805 63.23060131072998 26.83023166656494
D 57.41423797607422 64.16343021392822 26.8323757648468
E 160.71955680847168 66.02583026885986 26.946327924728394
D 60.31562042236328 67.70048332214355 26.948312282562256
D 60.28652572631836 68.39148902893066 27.053141117095947
E 160.7009220123291 65.118577003479 27.054845333099365
E 159.9844970703125 68.02067184448242 27.157920122146606
D 58.797386169433594 65.58823585510254 27.160141944885254
D 58.797386169433594 72.58823490142822 27.16211700439453
E 159.9761905670166 72.94285774230957 27.26750922203064
D 42.65079402923584 65.92063522338867 27.26920771598816
E 159.91341972351074 69.37229347229004 27.380338430404663
D 44.69333267211914 64.30666637420654 27.382208347320557
D 57.23471450805664 65.17159748077393 27.490623712539673
E 157.2413272857666 64.51131248474121 27.492683172225952
E 158.85565567016602 65.9255952835083 27.61084294319153
D 58.5 67.79738521575928 27.612739324569702
E 160.712797164917 67.4642858505249 27.71643328666687
E 159.78055572509766 65.15833377838135 27.83169150352478
D 59.27694892883301 68.09452724456787 27.83344268798828
D 61.46638107299805 68.88698101043701 27.936696529388428
E 160.91725730895996 68.6666669845581 27.938416242599487
E 160.19975471496582 65.63725471496582 28.047444343566895
D 59.92320251464844 68.72385597229004 28.04958200454712
E 160.7371063232422 66.34213829040527 28.154118061065674
D 60.046875 67.86631965637207 28.15582036972046
E 158.60784339904785 62.78851509094238 28.263465881347656
D 58.543270111083984 63.03205108642578 28.265546560287476
E 161.4746379852295 65.30676364898682 28.373827695846558
D 61.38785171508789 67.19470405578613 28.37603759765625
E 158.8964138031006 67.07304096221924 28.486257076263428
D 58.054054260253906 66.83032989501953 28.488120317459106
E 159.86249923706055 68.59444427490234 28.60086154937744
D 59.471961975097656 70.14797496795654 28.602900743484497
E 160.22002601623535 65.82345199584961 28.708356380462646
D 60.42599678039551 65.4157018661499 28.710192680358887
E 156.61440658569336 64.76836204528809 28.81727910041809
D 56.43097686767578 64.58922576904297 28.819530248641968
D 57.585670471191406 65.98286628723145 28.924798250198364
E 157.1041660308838 65.53611087799072 28.9266197681427
E 157.804292678833 64.69570732116699 29.03817367553711
D 58.21548843383789 64.59764289855957 29.039982318878174
E 158.81536483764648 66.17472076416016 29.142462730407715
D 58.821067810058594 66.48484802246094 29.144450187683105
D 56.00164985656738 64.28052806854248 29.258638858795166
VI O PONTO, tempo: 29.258793830871582
E 157.00747299194336 63.230194091796875 29.259475231170654
VI O PONTO, tempo: 29.259614944458008
E 161.31258583068848 67.37897682189941 29.363248109817505
VI O PONTO, tempo: 29.36342477798462
D 61.234628677368164 68.110032081604 29.36433506011963
VI O PONTO, tempo: 29.36446189880371
D 57.625 64.60833358764648 29.48031711578369
E 158.02000045776367 62.70266628265381 29.482035875320435
E 161.34021949768066 65.17355346679688 29.5838942527771
D 59.955326080322266 66.43299007415771 29.58586621284485
D 59.226449966430664 65.29710102081299 29.695501804351807
E 159.72908782958984 63.75905132293701 29.69720482826233
E 158.70181846618652 65.03272724151611 29.80605149269104
D 57.88475036621094 66.54432582855225 29.808550119400024
E 161.52464866638184 65.2910795211792 29.921277284622192
D 60.741058349609375 67.34334754943848 29.923040628433228
D 44.4375 63.026041984558105 29.92423176765442
E 161.1833324432373 66.51538467407227 30.02377414703369
D 61.02250289916992 66.1350212097168 30.026339769363403
E 157.83267974853516 64.25490188598633 30.130308389663696
D 57.698829650878906 64.27923965454102 30.13236427307129
E 160.03535270690918 64.92929267883301 30.24130630493164
D 59.815704345703125 66.20993614196777 30.244288206100464
E 158.7923069000244 64.44615364074707 30.360087633132935
D 58.84322738647461 64.0684928894043 30.362114429473877
E 160.24664306640625 66.36507892608643 30.466368436813354
D 60.24256706237793 67.70266056060791 30.468135356903076
D 43.31840801239014 63.16915416717529 30.469337940216064
E 159.22312927246094 64.72380924224854 30.580179929733276
D 58.57268714904785 65.51541805267334 30.581984281539917
E 160.26560401916504 63.83798122406006 30.685796976089478
D 59.285715103149414 64.7395830154419 30.687902212142944
E 162.85408782958984 65.35597515106201 30.794708490371704
D 62.01595687866211 67.33510684967041 30.79649782180786
D 46.83006572723389 60.83006572723389 30.797646522521973
D 59.82434272766113 66.47302913665771 30.90772032737732
E 159.73487854003906 64.5778636932373 30.909508228302002
D 61.74778747558594 66.8392333984375 31.017114877700806
E 162.08139610290527 66.40051651000977 31.01914882659912
E 160.7622947692871 67.87704944610596 31.135282516479492
D 60.61160659790039 68.2901782989502 31.137571334838867
E 159.6230525970459 65.2201452255249 31.24109411239624
D 59.877952575683594 66.90682411193848 31.242976188659668
E 163.41025733947754 65.79082298278809 31.350735187530518
D 63.56465530395508 66.9080457687378 31.352463722229004
E 161.08669090270996 66.87667846679688 31.46164107322693
D 61.74057388305664 67.13574695587158 31.463677883148193
E 161.2306671142578 65.85999965667725 31.570441722869873
D 60.935373306274414 67.33673477172852 31.57258439064026
D 60.00254440307617 69.27735328674316 31.676671266555786
E 159.5260124206543 68.18882465362549 31.678546667099
E 154.959810256958 62.30141830444336 31.784443616867065
E 157.55008125305176 72.77668380737305 32.009360790252686
E 156.4263572692871 69.61860466003418 32.22577452659607
E 155.9338836669922 64.5991735458374 32.44825315475464
E 157.19174003601074 68.439528465271 32.555479764938354
E 158.1264362335205 69.8505744934082 32.66787886619568
E 154.09079551696777 63.538557052612305 32.770901679992676
VI O PONTO, tempo: 32.77107501029968
E 158.45135498046875 65.62998390197754 32.88493251800537
VI O PONTO, tempo: 32.88517498970032
E 154.61111068725586 67.28549385070801 32.99674725532532
VI O PONTO, tempo: 32.996906757354736
E 155.60876274108887 67.36463165283203 33.116273641586304
VI O PONTO, tempo: 33.11651253700256
E 159.77891159057617 66.36394500732422 33.213897466659546
VI O PONTO, tempo: 33.21405529975891
E 159.90049743652344 69.11940383911133 33.546751737594604
E 161.34301567077637 67.89211654663086 33.655909299850464
E 155.38727569580078 65.66251754760742 33.87982892990112
E 155.70354652404785 63.652482986450195 33.987592458724976
E 162.75757598876953 67.09812450408936 34.09783983230591
E 159.5169334411621 68.32976913452148 34.20292925834656
E 159.47712326049805 66.50653553009033 34.31916618347168
E 154.96078491210938 66.24509811401367 34.42427325248718
E 158.19904136657715 63.19904041290283 34.64779210090637
D 60.139129638671875 65.48985481262207 34.64956307411194
E 157.64473724365234 63.222222328186035 34.75742292404175
D 57.686370849609375 63.48275852203369 34.75956392288208
E 165.03276443481445 64.60826206207275 34.980446338653564
E 163.3356475830078 64.15856456756592 35.08502388000488
D 63.15694999694824 66.29895401000977 35.08720111846924
E 160.32108879089355 61.99727916717529 35.203866481781006
D 59.54460144042969 63.21909236907959 35.20607948303223
E 160.27385902404785 64.03319549560547 35.31544470787048
D 60.284820556640625 65.00782489776611 35.42676043510437
E 158.11303329467773 63.69434833526611 35.53457283973694
D 59.790889739990234 64.75983428955078 35.64006161689758
VI O PONTO, tempo: 35.64024209976196
E 160.07023811340332 62.60714244842529 35.640942096710205
VI O PONTO, tempo: 35.64108920097351
D 57.231746673583984 61.25714302062988 35.74780201911926
VI O PONTO, tempo: 35.74797248840332
D 60.65217399597168 65.04347801208496 35.86124920845032
VI O PONTO, tempo: 35.86148548126221
E 162.5404052734375 63.090909004211426 35.86246109008789
VI O PONTO, tempo: 35.86259651184082
E 158.051851272583 63.650925636291504 35.970346212387085
VI O PONTO, tempo: 35.97053098678589
D 56.87047576904297 65.7923812866211 35.97129940986633
VI O PONTO, tempo: 35.97146224975586
D 59.53333282470703 64.53131294250488 36.07899069786072
VI O PONTO, tempo: 36.079180002212524
D 57.552677154541016 61.64766883850098 36.18248176574707
VI O PONTO, tempo: 36.182700395584106
E 157.39885139465332 60.90459728240967 36.18355655670166
VI O PONTO, tempo: 36.183661460876465
E 159.10317611694336 62.558730125427246 36.29878211021423
VI O PONTO, tempo: 36.298985719680786
D 58.12805938720703 62.93408679962158 36.29991841316223
VI O PONTO, tempo: 36.30009055137634
D 57.77777862548828 63.415300369262695 36.405335664749146
VI O PONTO, tempo: 36.4054901599884
E 158.76650619506836 62.76489543914795 36.406310081481934
VI O PONTO, tempo: 36.40649366378784
E 159.9718132019043 62.764705657958984 36.51625967025757
D 59.72952461242676 65.7447624206543 36.51928520202637
D 61.75072479248047 67.66086959838867 36.63446259498596
E 163.5246696472168 66.5282793045044 36.85388731956482
D 62.47881317138672 68.92655372619629 36.86341166496277
E 160.81333351135254 63.256296157836914 36.96273469924927
D 59.5787239074707 63.981560707092285 36.96449303627014
D 60.92492485046387 69.24624633789062 37.0727903842926
E 162.2003059387207 67.15902137756348 37.074949979782104
E 159.1386661529541 64.0959997177124 37.18777561187744
D 58.65374755859375 65.47674465179443 37.189913749694824
D 60.02887153625488 65.37926483154297 37.29184007644653
E 160.88748168945312 65.15049266815186 37.29356074333191
E 160.9316234588623 65.6182336807251 37.404300928115845
D 60.842519760131836 67.01968479156494 37.40605640411377
E 159.13510131835938 64.89015197753906 37.62104535102844
D 59.29611587524414 65.39320373535156 37.62281107902527
E 161.73333358764648 68.6653060913086 37.73480677604675
D 61.57064437866211 68.53635120391846 37.73715424537659
D 56.68364143371582 64.9938268661499 37.845093965530396
D 59.38738822937012 68.43843841552734 37.961430311203
E 160.3467197418213 67.60240936279297 37.96341013908386
D 58.843305587768555 64.76638221740723 38.06097102165222
E 159.5255470275879 63.149635314941406 38.0630567073822
E 158.77918434143066 65.43600559234619 38.17421841621399
D 58.31564712524414 65.79727935791016 38.176440715789795
E 160.35028266906738 64.63135623931885 38.279417753219604
D 59.50271034240723 65.49728965759277 38.28134036064148
E 160.9576930999756 64.48076915740967 38.3909273147583
D 60.437591552734375 67.099853515625 38.49914216995239
E 160.87667846679688 65.52014636993408 38.50164246559143
E 156.82608604431152 62.78524398803711 38.6130690574646
E 158.90982246398926 64.11916255950928 38.72346806526184
D 59.917808532714844 65.92541885375977 38.83569002151489
E 160.09466743469238 63.634666442871094 38.837711334228516
D 58.71072006225586 66.05286312103271 38.954221963882446
E 159.3528652191162 63.9296875 38.956315755844116
D 58.07526969909668 64.65284156799316 39.05819296836853
E 159.40712547302246 63.128499031066895 39.060314655303955
E 159.0123462677002 64.30727005004883 39.166353702545166
D 58.34543037414551 63.48387050628662 39.168416023254395
D 60.227752685546875 65.1749620437622 39.27351999282837
E 160.59765625 62.803385734558105 39.27557730674744
E 157.35376739501953 64.01021671295166 39.387035608291626
D 56.74856376647949 66.12068939208984 39.38873243331909
E 157.5416660308838 64.1432294845581 39.49291658401489
D 56.888450622558594 64.5446195602417 39.494640827178955
E 159.98287200927734 65.71146202087402 39.60935664176941
D 59.32460021972656 67.48034954071045 39.611557483673096
D 61.34259223937988 65.94576740264893 39.71025824546814
E 161.2524013519287 64.66255187988281 39.712231397628784
E 161.12757110595703 68.61934185028076 39.81826400756836
E 161.42547416687012 66.42818450927734 40.14863681793213
D 61.37463188171387 68.90855503082275 40.150450468063354
D 42.65196084976196 68.10294151306152 40.151663303375244
E 163.61688232421875 70.00216484069824 40.261874198913574
D 63.22772216796875 71.07260704040527 40.263994455337524
E 160.58198165893555 67.75675678253174 40.36760210990906
D 61.66666603088379 70.4259262084961 40.36936616897583
D 42.5238094329834 68.91428565979004 40.370585203170776
E 158.5 66.09064292907715 40.477835178375244
E 161.0263156890869 66.30043888092041 40.80928707122803
D 61.359375 62.55729103088379 40.81154680252075
E 160.0465545654297 68.0577278137207 40.924944162368774
D 60.13461494445801 71.00213718414307 40.92739462852478
E 159.97830390930176 67.35305690765381 41.0313880443573
D 59.96296310424805 68.28703689575195 41.0335533618927
D 43.97175121307373 63.655367374420166 41.03472971916199
E 162.793363571167 65.4539966583252 41.141311168670654
D 63.81105041503906 60.260250091552734 41.14407157897949
D 63.92839431762695 69.32345676422119 41.14611625671387
E 162.4342498779297 66.62079524993896 41.25254726409912
D 62.65760803222656 67.74275398254395 41.25472569465637
D 63.035715103149414 68.68707466125488 41.36657786369324
D 44.53932571411133 65.75655460357666 41.367836236953735
E 159.17230224609375 66.48631286621094 41.470378160476685
D 59.88197708129883 68.79744815826416 41.47250938415527
E 160.68364143371582 66.30401229858398 41.588541984558105
D 60.66013145446777 67.12418270111084 41.59059548377991
D 59.53398132324219 65.72653675079346 41.701303005218506
E 158.86145401000977 64.65157794952393 41.70332074165344
D 60.46534729003906 68.95544528961182 41.80433392524719
E 160.6594524383545 68.05627727508545 41.80648183822632
D 62.35087776184082 66.63157939910889 41.917686223983765
E 161.18865203857422 64.77730464935303 41.92001962661743
E 158.93181800842285 65.8863639831543 42.01890158653259
E 161.3656463623047 68.06802749633789 42.14009881019592
D 62.02072525024414 69.31433486938477 42.14183712005615
E 158.8508071899414 69.17204284667969 42.24576950073242
D 59.00712966918945 67.99108695983887 42.24758768081665
E 161.66214179992676 65.46606349945068 42.357691049575806
E 159.43625259399414 64.40399360656738 42.464646339416504
D 59.770931243896484 69.6872034072876 42.467745304107666
E 161.46092414855957 66.39074993133545 42.57251763343811
D 61.94189643859863 68.18042850494385 42.57487082481384
E 159.70984268188477 65.05699443817139 42.686347246170044
D 59.264957427978516 68.06125354766846 42.68854284286499
E 157.577486038208 63.99561405181885 42.792752504348755
D 57.69682502746582 66.17301559448242 42.79447054862976
E 159.67867851257324 66.72822856903076 42.90110182762146
D 59.53010368347168 69.05286312103271 42.90358543395996
E 162.0755729675293 68.15384578704834 43.01747131347656
D 63.37481498718262 69.55407428741455 43.019283056259155
E 158.75624084472656 66.44787120819092 43.12421226501465
D 59.952186584472656 67.79098320007324 43.125956535339355
E 159.91949081420898 66.52401161193848 43.23441410064697
D 60.538461685180664 68.15224361419678 43.2364776134491
E 159.82193756103516 66.84472942352295 43.3463408946991
D 42.909090995788574 65.35858631134033 43.34827375411987
E 157.78008270263672 63.890732765197754 43.45564079284668
D 58.54901885986328 64.34150314331055 43.458362340927124
E 159.96624565124512 64.11111068725586 43.5751838684082
D 60.650442123413086 66.14011764526367 43.57878398895264
D 41.415205001831055 64.27485370635986 43.58006024360657
D 59.61742401123047 67.3270206451416 43.67681813240051
E 160.08620643615723 65.07327556610107 43.67905926704407
E 161.26179695129395 65.19178104400635 43.78261661529541
D 61.536550521850586 67.93567276000977 43.784563064575195
E 163.59734535217285 67.20206451416016 43.893269777297974
D 64.7734489440918 69.97835540771484 43.89554500579834
D 45.561594009399414 69.79347801208496 43.897597551345825
E 160.9466094970703 65.75180339813232 44.00730657577515
D 61.58095169067383 65.83492088317871 44.00990271568298
E 159.53866577148438 64.45466709136963 44.11685872077942
D 59.91598892211914 66.24254703521729 44.11913752555847
D 59.132232666015625 64.94352626800537 44.22633910179138
E 157.4036693572998 63.70489311218262 44.22807550430298
E 158.19306182861328 63.55354404449463 44.33757948875427
D 59.85286521911621 64.8190107345581 44.33989143371582
E 160.48880577087402 67.57587051391602 44.44823718070984
D 61.64651107788086 68.67441844940186 44.450318336486816
E 159.69892501831055 64.7373275756836 44.55258059501648
D 60.5959587097168 60.50673484802246 44.55496001243591
D 60.62785339355469 69.5776252746582 44.557045221328735
E 162.77093887329102 67.07692337036133 44.66854953765869
D 63.379709243774414 71.25942039489746 44.671114921569824
E 162.59790802001953 63.58744430541992 44.777058839797974
E 160.88492012023926 64.73280429840088 44.8861186504364
D 62.03225898742676 65.97695827484131 44.88790702819824
E 160.77029418945312 66.60449028015137 44.99622702598572
D 41.588541984558105 68.0625 44.998061656951904
D 61.67115020751953 68.37817668914795 44.99926471710205
E 166.41594123840332 67.07971000671387 45.10918736457825
D 66.25418472290039 62.68036460876465 45.1113076210022
D 66.33946800231934 71.72392654418945 45.11312818527222
D 63.39964294433594 65.74551963806152 45.211347341537476
D 43.083333015441895 63.4880952835083 45.212571144104004
E 160.07826042175293 66.00144958496094 45.3260235786438
D 61.42679214477539 67.48286628723145 45.32774114608765
E 160.05088996887207 66.92239189147949 45.436962842941284
D 60.578386306762695 68.29832553863525 45.43875765800476
E 163.23345756530762 67.12858963012695 45.54982233047485
D 64.2053451538086 67.97890281677246 45.55189490318298
E 160.7675609588623 67.02554321289062 45.65305757522583
D 61.710079193115234 66.8852710723877 45.65536713600159
D 60.48514938354492 67.09240913391113 45.77175807952881
E 162.67202186584473 66.1124496459961 45.884403705596924
D 62.634408950805664 67.2918586730957 45.88641667366028
E 159.009370803833 65.95046901702881 45.99193453788757
D 58.7384147644043 62.085201263427734 45.9942843914032
D 58.95075798034668 70.03598499298096 45.996628522872925
E 162.36029434204102 68.09436321258545 46.09562134742737
D 61.82037925720215 70.0155439376831 46.09749102592468
E 160.81575202941895 66.11814308166504 46.20423340797424
D 61.60474395751953 68.03952598571777 46.20699143409729
D 41.941176414489746 65.56862735748291 46.208192348480225
E 160.67253494262695 65.07159614562988 46.31544375419617
D 61.08134078979492 60.527910232543945 46.317596673965454
D 61.50225257873535 67.81531524658203 46.31987261772156
D 43.93333339691162 62.29696989059448 46.321338176727295
E 159.78991508483887 65.07563018798828 46.431023836135864
D 60.825660705566406 65.40725231170654 46.43321490287781
D 42.0 60.5 46.43440771102905
E 160.02666664123535 64.01333332061768 46.54469418525696
D 61.145050048828125 60.17015266418457 46.54659414291382
D 61.20967674255371 68.22401428222656 46.548951625823975
E 161.10858535766602 64.69191932678223 46.66056275367737
D 61.73881530761719 65.95093822479248 46.66324734687805
E 159.61111068725586 69.77053165435791 46.75917363166809
D 61.017093658447266 70.45726490020752 46.761295557022095
E 160.9262180328369 63.04084300994873 46.86272692680359
D 61.3057975769043 58.307247161865234 46.86507272720337
E 161.3681812286377 65.35606098175049 46.98526906967163
D 61.310829162597656 61.40646934509277 46.98719596862793
E 160.98884773254395 69.35192108154297 47.088552951812744
D 61.374267578125 65.33625793457031 47.09043741226196
D 43.83333396911621 61.35185146331787 47.09243369102478
D 61.61170196533203 73.18794345855713 47.09465837478638
E 162.3680305480957 66.59355640411377 47.19536352157593
D 61.76100540161133 70.39150905609131 47.1974356174469
D 62.63055610656738 74.74166679382324 47.42018938064575
E 162.1126766204834 74.3450698852539 47.421961307525635
E 160.10165405273438 64.36643028259277 47.631258964538574
E 161.1652660369873 62.56862735748291 47.74283242225647
D 62.25448036193848 65.60215091705322 47.74456167221069
D 63.73584747314453 67.54088020324707 47.85963439941406
D 63.133052825927734 65.6162462234497 47.964684009552
D 64.83600616455078 65.70409965515137 48.08410692214966
D 63.43513107299805 66.6506986618042 48.19292163848877
D 59.05922317504883 64.06598949432373 48.29961395263672
D 63.97969436645508 65.69373989105225 48.40761137008667
D 63.84294891357422 66.77243614196777 48.51779055595398
D 62.155975341796875 62.735849380493164 48.62364888191223
D 63.263946533203125 66.36190509796143 48.737635135650635
D 61.4588737487793 66.0779218673706 48.847352504730225
D 62.17596435546875 66.50214576721191 48.958104610443115
D 65.08474731445312 68.02118682861328 49.06463122367859
D 61.040740966796875 63.34691333770752 49.17802691459656
D 64.87798690795898 67.29685497283936 49.284528970718384
VI O PONTO, tempo: 49.28468370437622
D 63.66666793823242 63.55465602874756 49.3935821056366
VI O PONTO, tempo: 49.39375591278076
D 63.46186447143555 65.62994384765625 49.515499114990234
VI O PONTO, tempo: 49.51571226119995
D 64.67976760864258 64.50218296051025 49.62321424484253
VI O PONTO, tempo: 49.62339448928833
D 65.83733367919922 66.42133331298828 49.73032999038696
VI O PONTO, tempo: 49.730549335479736
D 62.73870086669922 62.84604549407959 49.837443351745605
VI O PONTO, tempo: 49.83760094642639
D 63.18067169189453 65.42997169494629 49.95240020751953
VI O PONTO, tempo: 49.95255732536316
D 63.7828483581543 63.48962688446045 50.06243014335632
VI O PONTO, tempo: 50.062615156173706
D 65.55208206176758 69.4700517654419 50.1744430065155
VI O PONTO, tempo: 50.17462134361267
D 62.162296295166016 61.02372074127197 50.27712273597717
VI O PONTO, tempo: 50.27728199958801
D 62.22819519042969 63.426523208618164 50.38858985900879
VI O PONTO, tempo: 50.388747692108154
D 60.546255111694336 62.659324645996094 50.49601984024048
D 61.190704345703125 63.81891059875488 50.60889434814453
D 61.12925338745117 63.942856788635254 50.71663045883179
D 57.70542526245117 62.58604621887207 50.83157753944397
D 57.760528564453125 64.61732864379883 50.94183087348938
D 59.48373794555664 64.18563652038574 51.051349401474
D 61.25260353088379 66.7604169845581 51.15878105163574
D 60.32118606567383 64.44264507293701 51.38265943527222
D 59.22012710571289 62.47641468048096 51.48898100852966
D 60.317949295043945 68.47307682037354 51.59836006164551
D 60.311012268066406 66.4479169845581 51.71263265609741
E 158.34436225891113 65.43627452850342 51.81539750099182
D 58.45439529418945 65.13764476776123 51.81755232810974
E 160.34953689575195 67.59838008880615 51.937249183654785
D 63.91338539123535 67.74671936035156 52.04672837257385
D 58.08959197998047 66.2911729812622 52.15667700767517
D 61.58164596557617 65.26450729370117 52.37165427207947
E 160.9333324432373 65.09722232818604 52.37342977523804
D 56.402488708496094 67.17842292785645 52.489630699157715
D 59.28954887390137 66.53813552856445 52.60193181037903
E 156.38055610656738 65.45277786254883 52.81876039505005
D 55.853031158447266 65.19393920898438 52.82053279876709
E 158.3536777496338 65.53521156311035 52.92436981201172
D 58.64752769470215 65.1196174621582 52.92639398574829
E 156.89599990844727 66.21733379364014 53.036115884780884
E 156.72019386291504 64.89659404754639 53.143752336502075
E 156.8625431060791 64.61282920837402 53.583181381225586
E 160.9538631439209 69.26297569274902 53.69092512130737
E 159.8152961730957 66.89466094970703 53.79728412628174
E 156.07647895812988 66.34487724304199 54.02725625038147
VI O PONTO, tempo: 54.02745079994202
E 162.43670082092285 68.91986083984375 54.130948066711426
VI O PONTO, tempo: 54.131117820739746
E 157.6895236968994 68.52000045776367 54.460933208465576
VI O PONTO, tempo: 54.461095333099365
D 65.34745788574219 62.525424003601074 54.78998827934265
D 61.8663444519043 63.80354309082031 54.89704465866089
D 65.90340042114258 65.0204086303711 55.01514768600464
D 64.99122619628906 62.96842098236084 55.12152814865112
D 60.246768951416016 61.02583980560303 55.23049283027649
D 62.14444351196289 63.54444408416748 55.342756509780884
D 59.486061096191406 62.614545822143555 55.451467514038086
D 62.144493103027344 60.70243167877197 55.56585073471069
D 63.177955627441406 60.82204532623291 55.67540788650513
D 63.97967529296875 63.624661445617676 55.792094469070435
D 61.169193267822266 61.791666984558105 55.89406752586365
D 59.559139251708984 57.16436290740967 56.00262451171875
D 62.816184997558594 63.32647514343262 56.118489265441895
D 59.92409324645996 62.544554710388184 56.22429084777832
D 59.52671813964844 63.52671718597412 56.3387348651886
D 62.5 64.0 56.44778847694397
D 60.89754676818848 63.209235191345215 56.55437397956848
D 57.776798248291016 61.16446399688721 56.668397665023804
D 56.249263763427734 59.63126850128174 56.76955246925354
E 157.16193771362305 60.59456253051758 56.7714946269989
D 59.17787170410156 62.663865089416504 56.88327074050903
D 59.762901306152344 64.71408653259277 57.0024197101593
D 60.54824447631836 65.74853801727295 57.10723328590393
D 58.219444274902344 62.42916679382324 57.220165491104126
E 158.84882354736328 64.24535274505615 57.222259521484375
D 59.546003341674805 64.9366512298584 57.33259582519531
E 160.64769554138184 65.1544713973999 57.33476710319519
D 61.783626556396484 64.25730991363525 57.430734157562256
E 162.86388969421387 63.78611087799072 57.43383836746216
D 57.98930549621582 63.23885917663574 57.55079412460327
E 159.1119499206543 64.27421379089355 57.552842140197754
D 56.0876350402832 62.74334907531738 57.66100573539734
E 158.1247673034668 60.85288619995117 57.66291928291321
E 161.48029899597168 65.78168296813965 57.772143602371216
D 59.48079299926758 64.84138774871826 57.77392911911011
D 60.05416679382324 66.75277805328369 57.87447190284729
E 162.66044807434082 65.66293525695801 57.877594232559204
VI O PONTO, tempo: 57.877774715423584
E 163.56055641174316 68.70846748352051 57.98705744743347
VI O PONTO, tempo: 57.98724985122681
D 61.6584358215332 69.9231824874878 57.98813223838806
VI O PONTO, tempo: 57.988295555114746
E 162.1189079284668 62.791422843933105 58.08745884895325
VI O PONTO, tempo: 58.08763027191162
D 60.829200744628906 64.8044080734253 58.0883514881134
VI O PONTO, tempo: 58.08847451210022
D 67.38159942626953 64.86576175689697 58.202934980392456
VI O PONTO, tempo: 58.20308256149292
D 66.09677505493164 64.96774196624756 58.313268423080444
VI O PONTO, tempo: 58.31341338157654
D 63.250518798828125 61.103519439697266 58.42104387283325
VI O PONTO, tempo: 58.4212007522583
D 65.67632675170898 62.06521701812744 58.52817964553833
E 166.29090881347656 63.83232307434082 58.52991461753845
D 62.167320251464844 63.320261001586914 58.643906116485596
D 63.18914794921875 65.3829460144043 58.76501774787903
D 61.01321601867676 62.81204128265381 58.8703887462616
D 62.02741622924805 61.0360746383667 58.976998805999756
D 59.7680549621582 60.52499961853027 59.08619928359985
D 61.68682098388672 65.1209306716919 59.193483114242554
D 60.84039497375488 64.39124298095703 59.310195446014404
E 162.18682861328125 65.05779552459717 59.31222605705261
D 59.11914253234863 62.78580951690674 59.416483879089355
D 59.055267333984375 62.38514709472656 59.53153610229492
E 160.98399925231934 61.89866638183594 59.53353500366211
E 161.82283401489258 66.02230930328369 59.638407945632935
D 59.342994689941406 66.78905010223389 59.64226698875427
E 160.30833435058594 60.538095474243164 59.746039628982544
D 58.00404930114746 62.5991907119751 59.747867584228516
D 64.54878234863281 69.1937665939331 59.863325119018555
E 166.32843208312988 68.47794151306152 59.8650963306427
D 61.96310043334961 67.0369005203247 59.96505355834961
D 56.87839698791504 64.6409158706665 60.088751792907715
E 160.00424575805664 61.891719818115234 60.09071087837219
D 59.67336082458496 64.81258392333984 60.19049263000488
E 160.4691867828369 65.47058868408203 60.193079710006714
E 161.67737579345703 65.90227603912354 60.30423355102539
D 60.255319595336914 66.53191471099854 60.306057929992676
D 58.499284744262695 64.99570846557617 60.407859086990356
E 160.1136646270752 61.04342269897461 60.521939277648926
D 57.63410758972168 61.95969009399414 60.5237500667572
E 160.1550064086914 62.59945106506348 60.62865090370178
D 58.68852424621582 64.46311473846436 60.63048768043518
E 160.90288734436035 66.80971145629883 60.742377281188965
D 59.757164001464844 67.1613883972168 60.74414587020874
E 158.88888931274414 62.957672119140625 60.85025715827942
D 58.3233528137207 65.59680652618408 60.8520348072052
E 159.75872993469238 66.27460289001465 60.96341800689697
E 160.84193992614746 66.73552417755127 61.066025257110596
E 159.3364486694336 67.10747623443604 61.184809923172
E 157.56650924682617 66.18622875213623 61.29682111740112
E 157.29105758666992 66.6552848815918 61.400227546691895
E 158.40336227416992 65.46778678894043 61.50910687446594
E 158.58639526367188 67.70476150512695 61.61803436279297
E 156.1230010986328 64.02336978912354 61.72540855407715
E 162.87763786315918 68.11392402648926 61.84648060798645
E 153.84305572509766 62.030555725097656 61.9523024559021
E 158.19771194458008 66.01797294616699 62.067546129226685
E 157.3232822418213 66.4288101196289 62.17680048942566
E 156.6252155303955 65.45941257476807 62.29174518585205
E 155.6411476135254 62.84529495239258 62.40225553512573
E 160.7281665802002 63.11070156097412 62.5215790271759
VI O PONTO, tempo: 62.52277612686157
D 60.17345428466797 67.37254905700684 62.52444624900818
VI O PONTO, tempo: 62.52461791038513
E 166.2044448852539 63.76444435119629 62.82399892807007
VI O PONTO, tempo: 62.82415747642517
E 165.43434524536133 62.18518543243408 62.93479681015015
VI O PONTO, tempo: 62.93496584892273
D 65.43220520019531 67.51977443695068 63.05661225318909
E 165.31351470947266 67.73153114318848 63.15859413146973
D 63.76166534423828 67.54666709899902 63.16062903404236
D 58.380313873291016 65.82102870941162 63.27687191963196
D 63.859195709228516 68.25718402862549 63.389323234558105
D 54.58506202697754 65.10788345336914 63.49644231796265
E 173.5576934814453 59.75 63.609769344329834
D 55.82952880859375 62.146119117736816 63.61234211921692
D 62.425594329833984 67.1458330154419 63.71560621261597
E 165.25879096984863 66.64275646209717 63.717851877212524
D 59.97710990905762 64.19313335418701 63.82071256637573
D 60.3674430847168 65.29457378387451 63.932966470718384
E 179.65686416625977 61.27941131591797 63.93478965759277
D 57.65321350097656 62.538116455078125 64.04574823379517
E 160.35042762756348 62.35409069061279 64.04773473739624
D 59.945377349853516 66.2380952835083 64.17201399803162
D 61.768310546875 65.27952194213867 64.27624344825745
E 164.07487869262695 65.04468631744385 64.27835011482239
D 56.66666793823242 63.432918548583984 64.37360167503357
D 59.366987228393555 64.18108940124512 64.47690272331238
E 161.98998641967773 61.64806842803955 64.4789605140686
E 159.49561309814453 63.13450336456299 64.59353709220886
D 57.00150108337402 63.24324321746826 64.59559798240662
E 163.18650817871094 64.28703689575195 64.70133972167969
D 60.571428298950195 66.45714282989502 64.70338559150696
E 161.74440002441406 62.59683799743652 64.81516027450562
D 58.846038818359375 64.4349775314331 64.81692957878113
E 160.7327709197998 66.05344581604004 64.93088269233704
D 58.12442398071289 66.46082973480225 64.93280053138733
D 58.93548393249512 62.99078369140625 65.0350387096405
E 161.33477592468262 62.666666984558105 65.03710722923279
E 163.28227043151855 64.9205675125122 65.14719271659851
D 60.67536163330078 65.79855060577393 65.14896249771118
D 54.86312484741211 61.54589366912842 65.24707531929016
E 158.13878059387207 59.367055892944336 65.24876141548157
E 161.48132705688477 64.2849235534668 65.3596727848053
D 58.433048248291016 64.80056953430176 65.36146879196167
E 159.7345676422119 64.80401229858398 65.47439622879028
D 56.78494644165039 65.4462366104126 65.47617793083191
E 160.03384017944336 63.39763069152832 65.58674216270447
D 56.83713912963867 64.1872148513794 65.58880662918091
E 158.52734375 61.494791984558105 65.68944215774536
D 54.905691146850586 63.48292636871338 65.69160890579224
E 158.86351776123047 61.52755928039551 65.80179238319397
D 55.230648040771484 61.49763011932373 65.80435347557068
E 160.2988510131836 63.95258617401123 65.9158046245575
D 57.66367721557617 64.29895401000977 65.91819596290588
E 161.51897048950195 65.52845573425293 66.02405881881714
D 58.48484802246094 65.6447811126709 66.02621674537659
E 161.0737819671631 64.13702201843262 66.13952350616455
D 58.12442398071289 65.61751174926758 66.14136934280396
E 156.0674934387207 62.435261726379395 66.24498009681702
D 54.48148155212402 64.71604919433594 66.24681568145752
E 157.60324478149414 66.93805313110352 66.35470676422119
E 157.44104766845703 65.01164436340332 66.464435338974
D 54.67238998413086 67.41630935668945 66.4666645526886
E 160.09948348999023 67.85012912750244 66.58036041259766
E 160.2598876953125 70.04660987854004 66.68396234512329
D 58.10550498962402 69.98929691314697 66.6858057975769
E 161.74557876586914 66.42040824890137 66.79771876335144
E 161.80649185180664 62.666666984558105 66.8992600440979
D 58.52777862548828 63.77046775817871 66.90107131004333
E 161.22351455688477 64.91085243225098 67.01358604431152
D 59.91994667053223 67.47244071960449 67.01561141014099
D 60.904762268066406 66.41414165496826 67.1274688243866
VI O PONTO, tempo: 67.12764763832092
E 163.0247459411621 65.01310062408447 67.12847065925598
VI O PONTO, tempo: 67.12859916687012
E 156.6593246459961 63.331865310668945 67.23187017440796
VI O PONTO, tempo: 67.23205089569092
E 159.51790618896484 65.71625328063965 67.3467366695404
VI O PONTO, tempo: 67.34690856933594
D 57.09228706359863 65.16804313659668 67.34777808189392
VI O PONTO, tempo: 67.34794020652771
D 40.904762268066406 61.4523811340332 67.34803318977356
VI O PONTO, tempo: 67.34813165664673
D 56.18220329284668 64.91666603088379 67.45645308494568
VI O PONTO, tempo: 67.45660972595215
D 39.21794891357422 61.538461685180664 67.45667290687561
VI O PONTO, tempo: 67.45717787742615
E 157.94736862182617 65.28320789337158 67.45787787437439
VI O PONTO, tempo: 67.45797729492188
E 163.04291915893555 67.59084415435791 67.56172680854797
D 60.7038631439209 69.82975673675537 67.56472182273865
D 44.96551704406738 65.86206912994385 67.56598472595215
E 163.070707321167 63.107744216918945 67.67209148406982
E 163.85374069213867 63.137755393981934 67.77767252922058
D 61.65007400512695 66.1432876586914 67.7805244922638
D 37.19166660308838 65.15833377838135 67.78172206878662
D 62.21440505981445 69.04355144500732 67.8926568031311
E 164.12571334838867 64.28190517425537 67.8943920135498
E 161.60035705566406 60.74551963806152 67.99658966064453
D 60.4355354309082 64.24528312683105 67.9984118938446
D 35.374359130859375 62.42051315307617 67.99964690208435
E 166.45977020263672 62.237547874450684 68.11320543289185
D 63.37359046936035 65.58454132080078 68.115651845932
D 63.620689392089844 66.84291172027588 68.22148585319519
D 39.64966011047363 65.03061199188232 68.22276139259338
E 165.8203468322754 66.38528156280518 68.22454833984375
E 165.8203468322754 58.38528060913086 68.22685933113098
D 66.3925552368164 67.87478828430176 68.3385317325592
E 166.61432647705078 64.99035835266113 68.44449710845947
D 64.54455375671387 68.63201332092285 68.44700145721436
E 167.33333206176758 67.95785427093506 68.55849742889404
D 65.3303451538086 68.40059757232666 68.56025004386902
E 165.69243240356445 68.07246398925781 68.66526246070862
D 63.869686126708984 68.4128942489624 68.66766262054443
E 165.43805313110352 66.76991176605225 68.77569341659546
D 62.99842071533203 67.81674575805664 68.77786636352539
D 42.046204566955566 65.10891056060791 68.77905511856079
D 63.72613525390625 68.5461654663086 68.88988780975342
E 162.1632080078125 62.34993076324463 68.99460673332214
D 41.051724433898926 60.72413778305054 68.99664807319641
E 168.0258502960205 66.97823143005371 69.10424566268921
D 65.1769905090332 68.42920398712158 69.10596442222595
E 164.10231018066406 63.176568031311035 69.21554827690125
D 61.43564414978027 66.36798667907715 69.21788239479065
D 64.26756286621094 70.19282531738281 69.32217359542847
D 43.95433807373047 68.21461200714111 69.32339382171631
E 164.6591339111328 64.55367279052734 69.43183422088623
D 62.45314979553223 65.69278049468994 69.43387651443481
D 43.81999969482422 60.829999923706055 69.43511080741882
E 161.28652572631836 64.25673770904541 69.5549168586731
D 59.67407417297363 65.31111145019531 69.55673003196716
E 161.95954704284668 67.96278285980225 69.651447057724
D 59.521291732788086 70.49486064910889 69.65320467948914
D 41.255555152893066 66.36666679382324 69.65435242652893
E 163.9577865600586 68.35516738891602 69.76859426498413
D 61.96957206726074 70.41493797302246 69.7706732749939
E 163.1370964050293 67.44354820251465 69.87492609024048
D 62.06404495239258 67.37263488769531 69.87702751159668
E 160.9180564880371 66.51527786254883 69.98081827163696
D 59.17176818847656 68.27891159057617 69.98260974884033
D 57.83094024658203 66.04784679412842 70.09401202201843
E 159.70814895629883 65.15111064910889 70.09604454040527
D 58.75209426879883 68.07537651062012 70.20401930809021
E 159.63279151916504 67.56097602844238 70.2056941986084
E 159.35396766662598 65.46666622161865 70.31452870368958
D 58.076683044433594 67.49295806884766 70.31744170188904
E 161.3306007385254 67.32240390777588 70.42921948432922
D 59.47832679748535 68.4349775314331 70.43146562576294
D 43.62146854400635 64.80225944519043 70.43266701698303
E 159.71610832214355 66.0127592086792 70.5348949432373
D 57.433034896850586 66.6294641494751 70.53698945045471
D 41.48387050628662 63.596774101257324 70.53832936286926
E 158.7616958618164 67.2616958618164 70.64927101135254
D 40.88888931274414 64.31481456756592 70.65139865875244
E 160.11403465270996 65.93567276000977 70.75946545600891
VI O PONTO, tempo: 70.75967693328857
D 58.601070404052734 67.65060234069824 70.76048731803894
D 41.415300369262695 64.4153003692627 70.76255512237549
E 163.0918083190918 66.39971733093262 70.86841058731079
VI O PONTO, tempo: 70.86860775947571
D 60.99468803405762 67.26958847045898 70.86936545372009
VI O PONTO, tempo: 70.86949825286865
D 58.91866683959961 66.7093334197998 70.97545385360718
VI O PONTO, tempo: 70.9756338596344
D 41.755208015441895 63.203125 70.97571897506714
VI O PONTO, tempo: 70.97580528259277
E 160.71191596984863 64.67722511291504 70.976557970047
VI O PONTO, tempo: 70.97669744491577
E 161.86720848083496 66.07046031951904 71.08800482749939
VI O PONTO, tempo: 71.0881655216217
D 60.2756404876709 67.69070529937744 71.08910799026489
VI O PONTO, tempo: 71.0892722606659
E 159.81550407409668 67.50852680206299 71.20225524902344
VI O PONTO, tempo: 71.20240592956543
D 41.91428565979004 64.81428527832031 71.20302248001099
VI O PONTO, tempo: 71.20314288139343
E 159.8515510559082 64.12955474853516 71.30019760131836
VI O PONTO, tempo: 71.30039954185486
D 58.468467712402344 65.0495491027832 71.30110502243042
VI O PONTO, tempo: 71.30121612548828
D 40.921875 62.0 71.3012866973877
VI O PONTO, tempo: 71.30137872695923
E 159.8059253692627 67.39259243011475 71.41120982170105
VI O PONTO, tempo: 71.4113540649414
D 57.58159637451172 69.0 71.41202759742737
VI O PONTO, tempo: 71.41214346885681
D 40.308176040649414 66.27044010162354 71.41223120689392
VI O PONTO, tempo: 71.4123272895813
E 161.2143840789795 67.36237907409668 71.52250051498413
VI O PONTO, tempo: 71.52267241477966
D 59.43226623535156 68.31659030914307 71.5236086845398
VI O PONTO, tempo: 71.5237307548523
D 42.656357765197754 63.40549850463867 71.52381873130798
VI O PONTO, tempo: 71.5239486694336
D 58.29572677612305 68.36581230163574 71.63863492012024
D 42.19913387298584 64.19913387298584 71.6398651599884
E 161.17704010009766 67.3333330154419 71.64173626899719
E 160.52916717529297 63.0625 71.74770832061768
D 42.52742576599121 60.11814308166504 71.75034856796265
D 58.82377052307129 71.0765027999878 71.8598735332489
D 42.0 67.10000038146973 71.86112308502197
E 160.41327285766602 70.22021102905273 71.86311221122742
E 158.82051277160645 66.5991907119751 71.96805691719055
E 160.9055118560791 64.05905532836914 72.08105254173279
D 59.15532302856445 66.21116924285889 72.08300042152405
D 42.01249980926514 62.208333015441895 72.08423638343811
E 158.7159938812256 68.25710010528564 72.18663954734802
D 57.02857208251953 70.1460313796997 72.18838715553284
E 160.55555534362793 63.37036991119385 72.623939037323
E 162.50082969665527 64.98839092254639 72.72972464561462
D 62.52298927307129 68.67816066741943 72.7314441204071
E 160.34259223937988 64.42129611968994 72.84478425979614
D 60.488773345947266 66.62176132202148 72.84678792953491
E 160.3528537750244 63.9654655456543 72.9539725780487
E 158.35229110717773 61.61769390106201 73.06698822975159
D 59.064170837402344 62.45989227294922 73.06895327568054
E 159.83202171325684 66.56430435180664 73.1788341999054
E 159.38524627685547 66.47950839996338 73.40130996704102
D 60.969970703125 62.576576232910156 73.40342140197754
D 60.63247871398926 71.77564144134521 73.40544939041138
E 164.81339645385742 64.64274311065674 73.50685954093933
D 65.0792350769043 61.06694030761719 73.50911068916321
E 161.32845497131348 64.93821144104004 73.63473296165466
E 160.83400344848633 64.71887588500977 73.73442673683167
D 61.77954864501953 69.73705196380615 73.73637008666992
E 161.09027862548828 63.08055591583252 73.8360288143158
D 63.65625 68.53720283508301 73.95165991783142
D 59.96650695800781 67.66507148742676 74.0590717792511
E 161.05483436584473 62.989898681640625 74.16549301147461
D 61.69327163696289 61.57746505737305 74.16780304908752
D 61.74437713623047 69.42535781860352 74.17019629478455
E 160.93037033081055 61.727407455444336 74.27618074417114
D 61.51023483276367 65.93567276000977 74.27847671508789
E 158.2130012512207 60.990318298339844 74.38431167602539
D 59.05078125 65.9166669845581 74.38719987869263
E 162.05620956420898 65.38692855834961 74.49721717834473
D 62.33959197998047 66.84037590026855 74.49960970878601
D 63.262996673583984 70.80580997467041 74.61008787155151
E 162.30998611450195 67.06744480133057 74.72005653381348
D 63.32011795043945 64.91189384460449 74.72222113609314
D 63.290666580200195 72.93066692352295 74.72404170036316
E 160.64654159545898 67.18490600585938 74.82782793045044
D 61.57211494445801 69.9583330154419 74.82974362373352
D 61.861228942871094 65.31044387817383 74.93697881698608
D 63.012603759765625 69.42016792297363 75.49357032775879
D 67.26041793823242 67.8467264175415 75.59805655479431
D 69.20653533935547 69.87581729888916 75.70916748046875
D 62.57466125488281 62.03619956970215 75.82995223999023
D 62.386064529418945 72.89077186584473 75.83213543891907
E 163.07324409484863 65.60538101196289 75.93352198600769
D 63.83188247680664 62.29855155944824 75.93615746498108
D 61.68296432495117 66.09333324432373 76.04454588890076
D 66.16086959838867 72.9188404083252 76.15846061706543
D 43.11240291595459 71.04263591766357 76.15974950790405
D 45.333333015441895 67.92000007629395 76.26113319396973
D 67.9488296508789 69.31871318817139 76.26368761062622
D 65.18113327026367 68.55849075317383 76.38727331161499
D 63.275917053222656 69.66028690338135 76.48502159118652
D 43.93427276611328 67.3192491531372 76.48626136779785
E 160.70281219482422 65.0763053894043 76.5966329574585
D 61.10185241699219 69.43518543243408 76.59875583648682
E 171.85530471801758 65.9721326828003 76.70084619522095
D 70.0 69.5 76.70290756225586