E|COORDENADA X     |COORDENADA Y     | Tempo(s) 
E 185.91071319580078 81.8452377319336 7.422247409820557
E 182.37619018554688 76.77142810821533 7.6401519775390625
E 178.87613677978516 79.15482711791992 8.183276414871216
E 173.90206146240234 69.41580772399902 8.257656335830688
E 180.9273910522461 78.57260704040527 8.631473302841187
E 184.43303680419922 83.74404716491699 8.708245277404785
E 184.77777862548828 84.40963935852051 8.789551258087158
E 182.33333206176758 79.41969680786133 8.87280797958374
E 190.58995819091797 87.62761497497559 8.945119380950928
E 189.41702270507812 87.91914939880371 9.022752523422241
E 186.43971633911133 79.2539005279541 9.110137462615967
E 184.28682327270508 83.22609806060791 9.193668842315674
E 179.79030227661133 79.94181823730469 9.276544570922852
E 186.87791442871094 84.35116577148438 9.354458093643188
E 183.83125686645508 79.18810558319092 9.425074100494385
E 182.58526992797852 82.90051651000977 9.49825119972229
E 185.9063377380371 82.5977954864502 9.658165216445923
E 187.98920440673828 87.01619338989258 9.734913110733032
E 183.19654846191406 83.70783519744873 9.810686826705933
E 187.27295684814453 88.10188674926758 9.889466047286987
E 178.2098274230957 78.56175327301025 9.962523698806763
E 178.36419677734375 79.13580322265625 10.041675567626953
E 178.46192169189453 78.28963851928711 10.118623971939087
E 178.45338821411133 82.12146949768066 10.19881272315979
E 182.25287246704102 77.7758617401123 10.272679805755615
E 179.09685516357422 81.93207550048828 10.353083610534668
E 183.05158615112305 87.18386268615723 10.434376955032349
E 181.39750289916992 83.98930549621582 10.575592041015625
E 182.73563385009766 80.89326763153076 10.654410600662231
E 178.28023529052734 82.00737476348877 10.723585844039917
E 183.5898551940918 83.69855117797852 10.799649238586426
E 181.58995819091797 83.82566261291504 10.877326250076294
E 179.3571434020996 79.82633018493652 10.951298236846924
E 178.67773056030273 80.43291854858398 11.024261474609375
E 181.2705535888672 83.50672626495361 11.091340780258179
E 170.6413688659668 73.3541669845581 11.176591157913208
E 175.50852584838867 78.86976718902588 11.255115270614624
E 181.68139266967773 81.44310569763184 11.330901384353638
E 174.24871826171875 75.76282024383545 11.4096839427948
E 178.50971603393555 78.79222679138184 11.484214782714844
E 181.80323028564453 82.58149719238281 11.559740543365479
E 184.8663787841797 84.69252872467041 11.63284945487976
E 180.5116958618164 82.80847930908203 11.706530809402466
E 178.7596893310547 78.86666679382324 11.77658200263977
E 177.94623565673828 77.25499248504639 11.851895093917847
E 180.09321975708008 80.1723165512085 11.942664384841919
E 179.1596908569336 82.00465106964111 12.036011934280396
E 181.42920303344727 79.20206451416016 12.114687442779541
E 186.3928565979004 87.25595283508301 12.19013261795044
E 175.5247917175293 77.30440711975098 12.26456594467163
E 176.2253074645996 77.89814853668213 12.335230112075806
E 176.20272064208984 77.8829927444458 12.408189535140991
E 181.03813552856445 78.84886932373047 12.492557525634766
E 177.2115936279297 78.12463760375977 12.582140922546387
E 176.19069862365723 81.63255786895752 12.662210702896118
E 174.78193283081055 75.93925189971924 12.736619234085083
E 175.95883178710938 80.41434288024902 12.817551136016846
E 177.92272758483887 80.28939437866211 12.899348497390747
E 178.67551803588867 79.14896774291992 12.980933427810669
E 178.39968490600586 79.39968490600586 13.057973861694336
E 177.0121955871582 78.71409225463867 13.129878520965576
E 181.84848403930664 84.98989868164062 13.210007190704346
E 181.0 83.0 13.280534982681274
E 176.56894302368164 78.16064262390137 13.357487678527832
E 182.41025733947754 83.76602554321289 13.508660316467285
E 182.05791091918945 83.6680793762207 13.591147184371948
E 175.04266738891602 77.18266677856445 13.667980194091797
E 174.5948715209961 80.41153812408447 13.73834753036499
E 181.2252655029297 84.42922401428223 13.81404709815979
E 177.0851058959961 78.32056713104248 13.881934881210327
E 174.65343856811523 79.26322746276855 13.958670139312744
E 169.67181396484375 76.65637111663818 14.030626058578491
E 181.98319244384766 82.20027923583984 14.111173868179321
E 174.22965812683105 80.1443567276001 14.19381833076477
E 183.7281665802002 87.44403457641602 14.261201858520508
E 177.3450984954834 81.11372566223145 14.337656497955322
E 175.2808380126953 81.10236263275146 14.408029079437256
E 174.84188079833984 82.29344749450684 14.484352111816406
E 177.7598876953125 79.96610164642334 14.56468677520752
E 177.1750602722168 81.9820146560669 14.638051986694336
E 174.8120002746582 79.9359998703003 14.711853742599487
E 174.0566806793213 79.23616790771484 14.78694772720337
E 181.6879425048828 82.55461025238037 14.865869522094727
E 177.48347091674805 82.10743713378906 14.938223361968994
E 175.68540954589844 77.83668041229248 15.035330295562744
E 178.58403396606445 83.7633056640625 15.130652904510498
E 178.7150993347168 81.81908798217773 15.21413803100586
E 180.24229621887207 83.27591037750244 15.31459355354309
E 177.87596893310547 81.5302324295044 15.394946336746216
E 175.98544311523438 77.53711700439453 15.470645666122437
E 175.80323028564453 77.58149814605713 15.549890756607056
E 175.6476173400879 76.94013595581055 15.62410831451416
E 180.69841384887695 81.2634916305542 15.697649002075195
E 181.39725875854492 78.84627056121826 15.770707845687866
E 182.41525268554688 82.8361587524414 15.838316202163696
E 173.28878021240234 75.31353187561035 15.905875205993652
E 179.56386184692383 79.74143314361572 15.984253883361816
E 179.49779891967773 79.53744506835938 16.05584192276001
E 178.1343650817871 79.9509048461914 16.207565546035767
E 177.00431060791016 79.47988510131836 16.28534245491028
E 182.59546852111816 82.7411003112793 16.431599378585815
E 180.27606582641602 82.6593246459961 16.502997636795044
E 179.7159423828125 82.64202880859375 16.573789834976196
E 179.17420959472656 82.0864200592041 16.648436069488525
E 179.6795425415039 79.57939910888672 16.72587752342224
E 179.83966064453125 75.57383918762207 16.802711486816406
E 178.13865661621094 78.2128849029541 16.873494625091553
E 181.6280860900879 83.40432071685791 16.9456684589386
E 175.5 77.27824878692627 17.03115439414978
E 179.8559455871582 81.58291435241699 17.13984727859497
E 179.77200508117676 80.94949531555176 17.240962028503418
E 181.03801345825195 80.50438690185547 17.344725131988525
E 174.99864959716797 77.63157939910889 17.427489757537842
E 171.36786270141602 77.58565711975098 17.511375188827515
E 174.13983917236328 73.67804908752441 17.58625888824463
E 175.66106414794922 80.2605037689209 17.838759183883667
E 175.13840103149414 78.18128681182861 17.914249658584595
E 178.11488723754883 80.7281551361084 17.98588275909424
E 179.02462196350098 81.80871200561523 18.058516263961792
E 177.68217086791992 79.65116310119629 18.14978790283203
E 177.21751403808594 79.84887027740479 18.225348234176636
E 182.83086967468262 83.63054180145264 18.293506622314453
E 181.5818977355957 81.17241382598877 18.365575313568115
E 179.3406753540039 79.92217350006104 18.445708990097046
E 175.07907104492188 74.75348854064941 18.5219669342041
E 181.59502792358398 80.69883060455322 18.605506658554077
E 176.6914176940918 78.41914176940918 18.68459963798523
E 174.71120834350586 77.41522979736328 18.75912833213806
E 176.0390510559082 77.42817306518555 18.835985898971558
E 175.5042724609375 76.75356101989746 18.908461570739746
E 173.13725662231445 76.11344528198242 18.98003911972046
E 171.08860778808594 73.79324913024902 19.06270670890808
E 173.75857162475586 75.37722969055176 19.161865234375
E 168.85673904418945 75.69361686706543 19.235309600830078
E 167.03864669799805 70.95169067382812 19.428256273269653
E 169.7988739013672 74.36146354675293 19.518516778945923
E 170.9194564819336 73.6654281616211 19.595338106155396
E 166.60567474365234 71.83687973022461 19.670958280563354
E 167.2711639404297 73.8359785079956 19.745882272720337
E 165.94954109191895 70.08256912231445 19.815475940704346
E 167.47496795654297 73.5689868927002 19.890851497650146
E 165.01886749267578 73.43270492553711 19.960132122039795
E 173.19665336608887 76.11994457244873 20.024187326431274
E 166.299409866333 73.38643074035645 20.10266637802124
E 169.27541732788086 73.5263843536377 20.171915531158447
E 162.34163284301758 68.73029136657715 20.235425233840942
E 163.31234550476074 68.93703746795654 20.313849687576294
E 165.27878952026367 74.2036361694336 20.387513399124146
E 160.60393524169922 69.0959415435791 20.46297335624695
E 166.9925365447998 72.96766185760498 20.529263496398926
E 165.40234375 72.6028642654419 20.605979919433594
E 163.5241641998291 72.65551471710205 20.683716535568237
E 167.67071533203125 74.81916332244873 20.761560916900635
E 164.03790855407715 73.62222194671631 20.838751792907715
E 171.25291442871094 78.61888122558594 20.91246795654297
E 170.09613037109375 77.0049934387207 20.9810311794281
E 164.67976760864258 70.55895233154297 21.060402631759644
E 169.25384521484375 77.8217945098877 21.133312463760376
E 170.7259006500244 76.73519134521484 21.211689710617065
E 166.20209884643555 72.58005332946777 21.28832244873047
E 171.6837615966797 74.89865684509277 21.368931531906128
E 168.14615440368652 74.87564086914062 21.442664623260498
E 169.05255889892578 74.80636215209961 21.522125482559204
E 164.1224250793457 70.10545539855957 21.58870530128479
E 167.24411392211914 74.26765823364258 21.666540384292603
E 161.5494499206543 70.44444465637207 21.74064874649048
E 166.15403175354004 73.27797889709473 21.82194471359253
E 166.15403175354004 67.27797889709473 21.82330870628357
E 160.98186874389648 72.77266311645508 21.89391589164734
E 166.22984313964844 72.7364616394043 21.965229272842407
E 161.89276504516602 71.29715728759766 22.035072803497314
E 175.93867874145508 75.70125770568848 22.17050290107727
E 173.10164260864258 74.87144947052002 22.24269199371338
E 174.36484146118164 74.83250427246094 22.32234239578247
E 176.6446533203125 76.82861614227295 22.470779180526733
E 181.04040336608887 82.16161632537842 22.541198253631592
E 180.75273895263672 80.08920097351074 22.612694263458252
E 183.61882781982422 84.1373462677002 22.762129306793213
E 179.03703689575195 80.40313339233398 22.833056211471558
E 177.75951385498047 81.2541856765747 22.909144639968872
E 178.4957275390625 81.63532829284668 22.97702193260193
E 175.35445022583008 77.56108570098877 23.05445694923401
E 176.32859420776367 79.96366500854492 23.12461233139038
E 176.5897445678711 78.23397445678711 23.19713521003723
E 175.24386596679688 75.5238094329834 23.274193048477173
E 177.05222702026367 80.69585227966309 23.347954273223877
E 176.228759765625 76.49182987213135 23.4146625995636
E 174.9658546447754 74.82113838195801 23.489076614379883
E 171.97304916381836 74.87375926971436 23.550193071365356
E 175.76708602905273 79.15481185913086 23.62221360206604
E 173.6928367614746 77.25895309448242 23.694673538208008
E 173.63173294067383 78.2343521118164 23.773953437805176
E 180.86951065063477 84.28811454772949 23.842698097229004
E 176.58710479736328 79.8449935913086 23.914630889892578
E 175.19365119934082 82.30317497253418 23.999288082122803
E 173.5530300140381 78.48989868164062 24.07624840736389
E 170.42105293273926 75.22514629364014 24.154897451400757
E 171.3167495727539 75.48258781433105 24.245824575424194
E 170.71784591674805 75.68766403198242 24.335193634033203
E 171.74966430664062 76.65328025817871 24.561485052108765
E 172.01652908325195 74.80303001403809 24.646819591522217
E 171.6807689666748 75.87051296234131 24.803821802139282
E 169.94345092773438 72.3616075515747 24.887763261795044
E 166.37150192260742 72.68320655822754 24.957348346710205
E 174.42982482910156 79.59649085998535 25.04119372367859
E 173.85984802246094 79.19191932678223 25.185635805130005
E 168.08953094482422 72.41046905517578 25.25824546813965
E 172.60178184509277 79.46692085266113 25.32625412940979
E 172.31178092956543 80.33477020263672 25.4082133769989
E 167.54183197021484 75.5830020904541 25.484981775283813
E 166.00885009765625 74.15929222106934 25.55614948272705
E 164.0144920349121 72.66007995605469 25.63042187690735
E 170.8304843902588 77.70370292663574 25.704028844833374
E 176.25550079345703 76.22673416137695 25.8610200881958
E 179.52054977416992 79.51141548156738 26.005218744277954
E 176.57748413085938 75.64766120910645 26.087859630584717
E 172.44378662109375 74.44970417022705 26.162405729293823
E 173.27542877197266 74.0203447341919 26.236983060836792
E 172.96666717529297 72.53333377838135 26.325085163116455
E 175.6485137939453 76.72442245483398 26.40578269958496
E 173.24561309814453 75.24385929107666 26.48360538482666
E 177.46774291992188 77.79569911956787 26.628968477249146
E 168.898193359375 72.7996711730957 26.699844121932983
E 174.2806282043457 74.8319091796875 26.77826499938965
E 177.73178482055664 80.43410873413086 26.850562572479248
E 177.63247680664062 78.79629611968994 26.923012733459473
E 174.9421901702881 80.6789665222168 26.994809865951538
E 172.78571319580078 74.29166603088379 27.067330598831177
E 175.82532119750977 78.36217880249023 27.14746117591858
E 171.76836013793945 73.85028266906738 27.29738688468933
E 168.89182472229004 73.95597457885742 27.380069494247437
E 174.74268913269043 79.99269008636475 27.44934892654419
E 172.60969734191895 78.99515151977539 27.520907640457153
E 172.38249397277832 77.00119972229004 27.59602427482605
E 171.12307739257812 76.88205146789551 27.66931176185608
E 175.0284538269043 78.5121955871582 27.748817205429077
E 171.20767211914062 79.55290985107422 27.82296633720398
E 167.63171005249023 75.86766529083252 27.888075828552246
E 177.77193069458008 81.87989234924316 27.9564528465271
E 163.26641464233398 67.83459663391113 28.024479389190674
E 170.44744682312012 76.13513469696045 28.16099214553833
E 166.75183486938477 75.21879577636719 28.235355615615845
E 165.79510688781738 74.44036674499512 28.31286120414734
E 170.3333339691162 76.19214057922363 28.385225772857666
E 177.57933044433594 76.93449783325195 28.526010751724243
E 177.4946231842041 76.1129035949707 28.82258939743042
E 172.5471706390381 74.70125770568848 28.89634895324707
E 176.51680755615234 76.67927169799805 28.978814363479614
E 175.02349472045898 73.96475791931152 29.134589910507202
E 181.09294891357422 79.96153831481934 29.21454882621765
E 170.56087112426758 73.70289897918701 29.28914976119995
E 171.46396255493164 73.71471405029297 29.357523202896118
E 173.5414924621582 71.89170265197754 29.44362187385559
E 170.18741607666016 73.88085651397705 29.52252435684204
E 175.70098114013672 76.11274528503418 29.60184121131897
E 171.74518585205078 74.88592624664307 29.671544075012207
E 175.8106346130371 78.91958522796631 29.74305486679077
E 174.21478462219238 76.61924648284912 29.813920497894287
E 171.33203125 70.50130271911621 29.890478134155273
E 170.64125442504883 74.97458839416504 29.96321988105774
E 170.22988510131836 73.94396591186523 30.037673950195312
E 171.69078063964844 74.62978744506836 30.123498916625977
E 171.0090103149414 78.39339256286621 30.2010395526886
E 171.91747665405273 74.77831745147705 30.27843689918518
E 173.8019676208496 76.56826591491699 30.351306676864624
E 168.77777862548828 74.58536529541016 30.489511728286743
E 167.4303798675537 72.88326263427734 30.56310248374939
E 170.89211654663086 77.2392807006836 30.632791996002197
E 166.52325630187988 72.23901748657227 30.732959985733032
E 168.60876274108887 75.38654136657715 30.81178569793701
E 167.42821502685547 73.55930137634277 30.87697172164917
E 173.73306274414062 79.10975646972656 30.938846826553345
E 177.3396224975586 77.3176097869873 31.07638669013977
E 175.9115333557129 75.6524486541748 31.367157459259033
E 174.66148376464844 75.35233116149902 31.449018001556396
E 173.80879974365234 75.01522827148438 31.658843517303467
E 177.91071319580078 74.8452377319336 31.74946928024292
E 172.0510196685791 76.1428575515747 31.832469940185547
E 174.32568740844727 78.01529026031494 32.04911804199219
E 175.06930541992188 77.43894386291504 32.12362003326416
E 174.29264450073242 76.46478843688965 32.266385555267334
E 175.09546852111816 79.77022647857666 32.33518862724304
E 169.59799766540527 76.06866931915283 32.41137957572937
E 174.6570644378662 79.56378555297852 32.477442502975464
E 168.61808395385742 72.79082298278809 32.549482345581055
E 166.8620147705078 74.71162796020508 32.61997175216675
E 168.6131191253662 73.15662574768066 32.694329261779785
E 168.73462867736816 75.52427196502686 32.771973848342896
E 175.78103256225586 81.79079532623291 32.972421646118164
E 167.72155380249023 74.8647928237915 33.035712003707886
E 174.87219429016113 80.73229694366455 33.11191654205322
E 168.6357250213623 76.32067489624023 33.247090339660645
E 172.01709365844727 78.18660926818848 33.38305997848511
E 170.82448387145996 78.54424858093262 33.45720314979553
E 172.3459129333496 70.0125789642334 33.599082469940186
E 179.33333206176758 74.59393978118896 33.678349018096924
E 180.16666793823242 77.89655208587646 33.75717902183533
E 181.77886199951172 79.16422748565674 33.82257318496704
E 176.37596893310547 77.88565921783447 33.97175455093384
E 178.34990692138672 78.81399631500244 34.04964065551758
E 178.76732635498047 81.78052711486816 34.113909006118774
E 175.1461410522461 80.27257823944092 34.186002016067505
E 178.93333435058594 78.90526294708252 34.25978398323059
E 179.3685073852539 77.84589576721191 34.33859920501709
E 175.71682929992676 78.11974143981934 34.41641306877136
E 177.52238845825195 73.50248718261719 34.567949533462524
E 175.73270416259766 75.47641468048096 34.64516997337341
E 181.62735748291016 83.20125770568848 34.70779275894165
E 180.54962921142578 84.03703689575195 34.77788710594177
E 177.59407424926758 80.15999984741211 34.92501664161682
E 174.73202514648438 75.38071918487549 34.998438596725464
E 177.68130111694336 80.57723617553711 35.14599680900574
E 179.5560531616211 81.50672626495361 35.220123291015625
E 170.1788272857666 75.56652450561523 35.29141688346863
E 176.6043472290039 79.70579719543457 35.4517126083374
E 174.7393684387207 80.9972562789917 35.52127528190613
E 178.21607398986816 83.00527000427246 35.59469532966614
E 178.43650817871094 81.85185146331787 35.668341636657715
E 175.55742263793945 79.27590942382812 35.738219261169434
E 174.1089973449707 79.49176216125488 35.807021617889404
E 169.33056640625 77.02351379394531 35.95130634307861
E 177.01694869995117 84.70197772979736 36.02786993980408
E 166.88304138183594 76.61842155456543 36.09963798522949
E 173.24128341674805 79.16317939758301 36.16952395439148
E 166.56086921691895 75.29420280456543 36.25417923927307
E 168.95951461791992 78.99730110168457 36.39856147766113
E 170.14431762695312 77.57088088989258 36.46562671661377
E 172.28172874450684 83.58019542694092 36.539249658584595
E 179.2389373779297 80.29351043701172 36.693888902664185
E 179.02747344970703 79.4523811340332 37.00600004196167
E 183.8238639831543 84.60606098175049 37.081202030181885
E 177.2816390991211 78.84135437011719 37.375747203826904
E 176.72118377685547 78.00155735015869 37.51726794242859
E 176.4143123626709 79.06779670715332 37.59239721298218
E 181.02127838134766 80.71099281311035 37.66612482070923
E 179.0959358215332 80.96260166168213 37.74755263328552
E 176.63287162780762 79.72657489776611 37.828099489212036
E 179.1913299560547 81.31988048553467 37.906171798706055
E 179.0954704284668 79.77022647857666 38.04808855056763
E 177.4153232574463 82.51478481292725 38.270039081573486
E 182.13559341430664 83.92796611785889 38.349488735198975
E 172.84170532226562 77.37442874908447 38.41775965690613
E 174.7325439453125 79.3372859954834 38.49625563621521
E 173.8475170135498 78.53723430633545 38.65084934234619
E 175.41277313232422 82.11682224273682 38.722591161727905
E 174.23450660705566 79.06365203857422 38.794979095458984
E 171.31362915039062 77.57963848114014 38.86789321899414
E 167.6043472290039 77.29420280456543 38.938451051712036
E 173.35848999023438 80.47798728942871 39.021791219711304
E 167.55555534362793 78.15259170532227 39.09358191490173
E 175.06097602844238 84.35772323608398 39.166463136672974
E 180.74471473693848 79.99512195587158 39.46990156173706
E 179.97207641601562 80.24083709716797 39.54814147949219
E 174.22494888305664 74.72392654418945 39.62835741043091
E 182.57068061828613 80.98429298400879 39.69822716712952
E 183.42884826660156 81.35867500305176 39.84062623977661
E 179.70042037963867 80.7004222869873 39.9164514541626
E 177.56782913208008 78.27713203430176 39.99027681350708
E 178.28343200683594 79.27145671844482 40.07138633728027
E 178.90872955322266 78.50793647766113 40.148820877075195
E 175.77024459838867 78.9114875793457 40.23909616470337
E 175.75056648254395 75.75283432006836 40.318243980407715
E 176.3170166015625 78.33566474914551 40.38694477081299
E 173.66274642944336 77.10392189025879 40.45747518539429
E 178.4277458190918 79.5722541809082 40.52950644493103
E 174.2652702331543 74.8708553314209 40.60884094238281
E 175.7140598297119 79.75829410552979 40.69181251525879
E 174.9299144744873 76.17948722839355 40.76819682121277
E 176.81735229492188 78.46270942687988 40.92236661911011
E 178.6289005279541 81.42036151885986 41.000046491622925
E 176.6144142150879 78.24144172668457 41.07388210296631
E 172.23623275756836 78.70724678039551 41.15263247489929
E 176.37378692626953 81.26051807403564 41.29077482223511
E 179.12236213684082 83.935302734375 41.43535089492798
E 173.3108615875244 76.66853904724121 41.50471115112305
E 176.31603813171387 82.77672958374023 41.57156801223755
E 181.5528450012207 84.97967433929443 41.645087480545044
E 178.55785751342773 84.85664939880371 41.72017788887024
E 177.36553955078125 82.37520122528076 41.79754304885864
E 179.69002151489258 85.73673057556152 41.871761322021484
E 173.0677089691162 81.29513931274414 41.940802574157715
E 179.31999969482422 89.4399995803833 42.16479563713074
E 180.22324180603027 87.92660522460938 42.24065113067627
E 170.92465782165527 77.50228309631348 42.316221714019775
E 175.10537719726562 84.09247303009033 42.39066457748413
E 173.35701370239258 78.13661193847656 42.469663858413696
E 173.29652404785156 79.23312854766846 42.543389320373535
E 174.92025566101074 80.7607650756836 42.62068796157837
E 176.8624038696289 80.97286796569824 42.69245505332947
E 175.21794891357422 82.05311393737793 42.775580167770386
E 178.27653121948242 84.03587436676025 42.84648275375366
E 174.43303680419922 78.9925594329834 42.93885660171509
E 173.74894523620605 78.34388160705566 43.011985301971436
E 169.79970932006836 68.96198844909668 43.08653163909912
E 176.34992599487305 77.06787300109863 43.15912652015686
E 173.6850929260254 70.52763843536377 43.23227286338806
E 173.48305130004883 73.15254211425781 43.3746497631073
E 173.4423065185547 73.99038505554199 43.451902627944946
E 173.61684036254883 73.42611694335938 43.614654302597046
E 174.48756408691406 79.11442756652832 43.764631032943726
E 173.86842155456543 79.1608190536499 43.83918356895447
E 174.24116897583008 75.00921630859375 43.90984869003296
E 171.34166717529297 75.44333362579346 43.989405155181885
E 174.7869110107422 77.6073055267334 44.05840182304382
E 179.05603408813477 80.17241382598877 44.13598680496216
E 172.5 72.88940811157227 44.28258180618286
E 168.49756240844727 74.09756088256836 44.424811124801636
E 175.5355453491211 76.55924129486084 44.53197455406189
E 172.9510269165039 74.08372783660889 44.63172483444214
E 178.73229598999023 80.94300556182861 44.70267915725708
E 176.45607376098633 78.5051679611206 44.773552894592285
E 173.28530883789062 78.19209003448486 44.84419870376587
E 177.95081901550293 80.40300559997559 44.91966533660889
E 172.79029655456543 74.91392803192139 45.0005738735199
E 179.50786781311035 81.60658073425293 45.064093351364136
E 173.02064895629883 76.19763946533203 45.13981008529663
E 171.85782051086426 73.02369689941406 45.214763164520264
E 173.75 74.6584701538086 45.29057598114014
E 178.0761489868164 79.75718402862549 45.38138484954834
E 176.21124839782715 78.5020580291748 45.47329497337341
E 175.12208557128906 75.70507621765137 45.55082106590271
E 176.4372100830078 78.48837184906006 45.61900758743286
E 179.11944580078125 79.46388912200928 45.699546813964844
E 177.60503005981445 81.98490524291992 45.7734317779541
E 177.20206451416016 78.38495540618896 45.85118913650513
E 177.65079498291016 78.95767211914062 45.928539752960205
E 175.6460304260254 75.23174571990967 46.00135350227356
E 176.8828010559082 77.6073055267334 46.14387917518616