D|COORDENADA X     |COORDENADA Y     | Tempo(s) 

D 75.08654022216797 86.15064144134521 7.500032424926758
D 74.02352905273438 85.17450904846191 7.640936374664307
D 71.68456268310547 80.92617416381836 7.876315355300903
D 72.4091567993164 84.23176002502441 8.401119470596313
D 65.65400695800781 77.95217990875244 8.486416816711426
D 69.23603439331055 78.76936912536621 8.559409618377686
D 79.7059555053711 91.20785808563232 8.709088563919067
D 79.66666793823242 92.43291854858398 8.79085636138916
D 77.40755081176758 87.5052080154419 8.873544931411743
D 85.6008071899414 95.46102142333984 8.945903301239014
D 84.48077011108398 95.72948741912842 9.021916151046753
D 79.35608673095703 90.50284385681152 9.194390535354614
D 75.11280059814453 88.28770637512207 9.277215480804443
D 81.81205749511719 91.35815620422363 9.35515284538269
D 78.88288116455078 87.10810852050781 9.425796508789062
D 77.7303237915039 88.6875 9.499080419540405
D 81.87848281860352 95.1092529296875 9.578383445739746
D 80.37542724609375 90.08873748779297 9.657293558120728
D 83.18091583251953 95.55018615722656 9.734071254730225
D 79.27953338623047 90.19298267364502 9.81137204170227
D 83.13151931762695 94.44671249389648 9.890169858932495
D 73.37435913085938 85.53205108642578 9.96327805519104
D 73.66894149780273 85.82480049133301 10.042521715164185
D 73.52452850341797 87.07295608520508 10.119358777999878
D 73.49760055541992 90.17266178131104 10.19950246810913
D 73.73600006103516 87.91600036621094 10.27335500717163
D 74.11450386047363 90.75063610076904 10.353869676589966
D 78.37741088867188 93.54269981384277 10.43505573272705
D 77.73896980285645 90.63357830047607 10.507561683654785
D 75.58625793457031 90.46198844909668 10.576385974884033
D 76.87536239624023 88.57391262054443 10.655057191848755
D 73.46163940429688 89.55026435852051 10.724265813827515
D 78.19778823852539 91.09128665924072 10.800322771072388
D 73.97820472717285 86.86025619506836 10.951984882354736
D 76.2598648071289 89.41768741607666 11.092169046401978
D 65.58636283874512 80.80303001403809 11.177279472351074
D 77.24761962890625 87.86666679382324 11.33167839050293
D 69.27210998535156 82.49149703979492 11.41044545173645
D 73.63960266113281 85.67236423492432 11.484914302825928
D 77.39566421508789 91.35636901855469 11.560469388961792
D 79.84835433959961 91.01859855651855 11.633727550506592
D 76.27020263671875 88.2979793548584 11.707348346710205
D 72.7757568359375 86.73484802246094 11.777348279953003
D 72.78901290893555 84.55430698394775 11.852691173553467
D 75.15082550048828 86.94043064117432 11.94132113456726
D 74.12890625 88.6666669845581 12.037255764007568
D 76.30656051635742 84.7563591003418 12.115861177444458
D 81.12418365478516 93.42483615875244 12.191319465637207
D 70.9122142791748 84.53435134887695 12.265683650970459
D 71.87891006469727 84.03129291534424 12.335868835449219
D 71.49812698364258 84.13483142852783 12.408905982971191
D 75.99105072021484 86.73713684082031 12.493385791778564
D 72.74759864807129 85.32784652709961 12.58287262916565
D 71.54894638061523 87.55018615722656 12.663032293319702
D 70.79999923706055 83.14799976348877 12.737847328186035
D 71.51895332336426 87.63529396057129 12.818782806396484
D 73.20680236816406 86.47755146026611 12.900667190551758
D 73.57075500488281 86.22955989837646 13.058681011199951
D 71.79756546020508 85.01369857788086 13.131108283996582
D 77.14266204833984 92.34705066680908 13.210695743560791
D 75.97300910949707 90.3832654953003 13.2812020778656
D 73.8742790222168 88.4728946685791 13.430108547210693
D 77.27971076965332 90.89710140228271 13.509377002716064
D 75.8023796081543 80.73809432983398 13.510602474212646
D 77.37206268310547 91.22406673431396 13.591938734054565
D 70.11068344116211 83.36808204650879 13.66922402381897
D 70.69960403442383 86.91304302215576 13.739129066467285
D 76.44305610656738 91.32361125946045 13.814773082733154
D 72.61886978149414 86.95597457885742 13.882679462432861
D 70.56589126586914 86.48191261291504 13.959403276443481
D 66.00434875488281 82.47391319274902 14.031364440917969
D 77.79622268676758 88.19028377532959 14.111891746520996
D 70.77121353149414 87.14393901824951 14.193029880523682
D 80.8934555053711 94.93759536743164 14.261937856674194
D 73.8515625 87.6315107345581 14.33881688117981
D 71.67382049560547 88.49070072174072 14.40875506401062
D 73.88937377929688 88.1135368347168 14.565594673156738
D 73.39206314086914 89.72222232818604 14.639155626296997
D 71.30140495300293 87.68965530395508 14.712982416152954
D 70.74500846862793 86.87864780426025 14.788084030151367
D 77.68400001525879 90.50933361053467 14.867004632949829
D 71.57416343688965 87.07177066802979 15.037338256835938
D 75.12328720092773 92.13698673248291 15.129515886306763
D 75.11396026611328 89.67806243896484 15.214849948883057
D 75.77777862548828 91.28427124023438 15.315367937088013
D 74.82334899902344 89.01843357086182 15.395570993423462
D 71.69918823242188 84.35230350494385 15.471337080001831
D 71.58024597167969 83.48148155212402 15.549142837524414
D 72.09191131591797 83.46813678741455 15.62494945526123
D 75.91040802001953 87.13833999633789 15.698377132415771
D 77.69629669189453 84.84148120880127 15.771450996398926
D 78.6709213256836 88.88652515411377 15.839136362075806
D 69.27339172363281 81.34941482543945 15.90719723701477
D 75.98809432983398 85.15873050689697 16.05652165412903
D 78.82151412963867 88.56855773925781 16.12869620323181
D 74.05118179321289 87.54068279266357 16.208313941955566
D 72.56277084350586 85.05194759368896 16.286200046539307
D 72.78216552734375 84.18713474273682 16.356403589248657
D 78.9219856262207 86.69361686706543 16.43229389190674
D 76.58125686645508 87.39383125305176 16.504175662994385
D 75.34324645996094 86.32218074798584 16.57454514503479
D 75.24969100952148 87.7749080657959 16.649612188339233
D 75.69755554199219 81.33848094940186 16.803423643112183
D 75.22411346435547 83.35602855682373 16.874179363250732
D 77.91254806518555 87.25348567962646 16.94501781463623
D 71.95869064331055 81.05270671844482 17.032458782196045
D 75.85507202148438 87.0405797958374 17.140494346618652
D 76.07894897460938 85.90935707092285 17.241721153259277
D 76.70627212524414 85.97194766998291 17.34553074836731
D 71.0740737915039 82.79972553253174 17.428182363510132
D 68.34927368164062 80.95797061920166 17.512686252593994
D 70.52193069458008 80.21345043182373 17.587088108062744
D 72.65549278259277 83.75605201721191 17.83986735343933
D 71.33333396911621 81.31171131134033 17.915320873260498
D 74.96476936340332 85.48509502410889 17.985133409500122
D 74.57777786254883 83.99722194671631 18.059476137161255
D 74.18741989135742 83.38364791870117 18.150524377822876
D 73.64285659790039 82.71679210662842 18.22652578353882
D 79.8628921508789 86.61132049560547 18.294703483581543
D 77.37482833862305 84.02904510498047 18.366403818130493
D 75.76383209228516 85.57085037231445 18.446398973464966
D 70.79496765136719 80.13962268829346 18.5227153301239
D 76.95442581176758 85.0286455154419 18.6062753200531
D 70.47189712524414 82.95032691955566 18.76028275489807
D 72.08333206176758 81.84946250915527 18.837186098098755
D 70.38933181762695 82.22266578674316 18.90765118598938
D 68.87853050231934 81.68926525115967 18.98077702522278
D 67.10150527954102 78.31453609466553 19.063467025756836
D 69.68435287475586 79.47755146026611 19.162638425827026
D 64.59886932373047 79.38276863098145 19.236498594284058
D 67.15447235107422 80.05826568603516 19.319061040878296
D 64.79704284667969 80.17741966247559 19.51960515975952
D 67.12212753295898 77.8247127532959 19.596550941467285
D 62.382667541503906 76.38266658782959 19.67206621170044
D 63.563528060913086 78.73094177246094 19.747007846832275
D 61.50500679016113 74.93419170379639 19.816564798355103
D 60.996826171875 76.93968296051025 19.96130394935608
D 69.10599136352539 81.80645179748535 20.02302122116089
D 62.22537040710449 78.16599178314209 20.103732347488403
D 66.25665283203125 78.41001605987549 20.172876834869385
D 53.98039245605469 71.28104591369629 20.236281394958496
D 60.463584899902344 72.97899150848389 20.314573526382446
D 61.5798454284668 79.88682174682617 20.386271476745605
D 56.78582191467285 74.06787300109863 20.46227264404297
D 63.66802787780762 77.7387752532959 20.529916286468506
D 61.15333366394043 76.95866680145264 20.606735467910767
D 60.23359489440918 76.24934387207031 20.684409618377686
D 65.14601707458496 78.83038330078125 20.760854482650757
D 60.66253471374512 78.16942119598389 20.839555263519287
D 68.01790618896484 83.69696998596191 20.911684036254883
D 66.69241714477539 81.0515022277832 20.98180079460144
D 61.09824562072754 76.46666622161865 21.06108546257019
D 66.23333358764648 81.76538467407227 21.134012460708618
D 62.032304763793945 77.95154190063477 21.28899073600769
D 68.42538261413574 80.22036266326904 21.369587182998657
D 65.37914657592773 80.3886251449585 21.443334341049194
D 58.185014724731445 74.43730926513672 21.741370677947998
D 73.10293960571289 79.55882358551025 22.171202421188354
D 70.36714935302734 79.0519323348999 22.244001150131226
D 70.44654083251953 78.67169857025146 22.323524951934814
D 73.39215850830078 81.13725471496582 22.471458911895752
D 77.47335815429688 85.46468448638916 22.541967153549194
D 72.66124725341797 82.97832012176514 22.689087629318237
D 80.58241653442383 87.72161197662354 22.763288259506226
D 75.15252304077148 84.32595252990723 22.83226442337036
D 75.00857925415039 84.52328395843506 22.978278636932373
D 72.62610816955566 84.78833961486816 23.12584900856018
D 72.48214340209961 81.88809490203857 23.19596266746521
D 71.63380432128906 80.46244144439697 23.274938344955444
D 72.04133224487305 84.40266704559326 23.34867572784424
D 71.83140182495117 80.46718120574951 23.415377378463745
D 70.51435852050781 77.86516857147217 23.489824533462524
D 68.18463516235352 78.59107780456543 23.55101227760315
D 71.8232307434082 83.56186866760254 23.620896100997925
D 68.89696884155273 80.91969680786133 23.69593572616577
D 69.61006164550781 82.05282974243164 23.775121212005615
D 76.69986724853516 88.62151432037354 23.843356370925903
D 73.12698364257812 84.96337032318115 23.913302659988403
D 72.25146102905273 85.09473609924316 23.998573303222656
D 70.06451797485352 81.95026874542236 24.077064275741577
D 66.26377868652344 78.50918674468994 24.155640125274658
D 67.94631576538086 78.13358306884766 24.247117519378662
D 67.30359268188477 80.93928146362305 24.415587186813354
D 74.30367279052734 82.12994384765625 24.48927068710327
D 67.90133285522461 80.82933330535889 24.562222957611084
D 68.0042724609375 79.53846168518066 24.647523641586304
D 69.96969604492188 81.02020168304443 24.732744693756104
D 67.88471221923828 79.92355918884277 24.803045749664307
D 66.39635848999023 77.3795518875122 24.888588666915894
D 62.949005126953125 76.28606986999512 24.958613634109497
D 71.47724533081055 84.52398490905762 25.042315244674683
D 69.90457534790039 83.84052276611328 25.184382915496826
D 68.65099716186523 81.98005676269531 25.327621459960938
D 55.35802459716797 78.0 25.327832221984863
D 48.957143783569336 72.43333339691162 25.6316020488739
D 62.38647270202637 76.61835765838623 25.784353971481323
D 71.97368240356445 81.20927238464355 25.86174249649048
D 72.07586288452148 82.32298851013184 25.931259870529175
D 76.1855239868164 83.51376152038574 26.005980253219604
D 72.75326156616211 77.93001174926758 26.088605880737305
D 68.41007995605469 77.86368751525879 26.16321563720703
D 68.92605590820312 78.78286361694336 26.23852252960205
D 69.29667663574219 76.9014892578125 26.32576608657837
D 70.9312973022461 81.60559749603271 26.406482934951782
D 68.3501205444336 78.78177452087402 26.482430934906006
D 75.11860275268555 84.78401947021484 26.555732250213623
D 73.47782135009766 81.9353609085083 26.629729986190796
D 65.17761611938477 76.22871017456055 26.70100712776184
D 69.75206565856934 78.6666669845581 26.779452800750732
D 73.41820526123047 84.30381298065186 26.851752758026123
D 73.22340393066406 83.8912525177002 26.92417883872986
D 70.68989562988281 84.53310108184814 26.995984077453613
D 67.99625396728516 78.4044942855835 27.06852626800537
D 70.20193672180176 83.01244831085205 27.148597955703735
D 67.41908645629883 79.08298778533936 27.22313117980957
D 67.15670776367188 79.36387825012207 27.298596620559692
D 64.27479553222656 77.85040664672852 27.38124942779541
D 70.89824485778809 82.76725101470947 27.448142528533936
D 69.14896392822266 83.51282024383545 27.522046089172363
D 68.72652435302734 80.6960096359253 27.597230195999146
D 67.49608612060547 81.32550811767578 27.66806983947754
D 70.8319091796875 83.28062725067139 27.74948477745056
D 73.67737579345703 85.0722885131836 27.957716703414917
D 52.0 74.0 28.0937659740448
D 73.19235229492188 81.9641580581665 28.52668261528015
D 71.88380432128906 79.29460048675537 28.598184823989868
D 69.61581802368164 76.4587574005127 28.675251245498657
D 67.44408416748047 77.01075267791748 28.745822191238403
D 72.59949493408203 78.9366283416748 28.823766946792603
D 67.57312393188477 77.6666669845581 28.89756965637207
D 72.21002578735352 80.01626014709473 28.97962498664856
D 73.58585739135742 82.03409099578857 29.057844400405884
D 69.79268264770508 78.42276382446289 29.135377645492554
D 66.525146484375 77.36608219146729 29.28994131088257
D 66.945068359375 77.30087471008301 29.358320951461792
D 69.56678009033203 76.81705951690674 29.444411277770996
D 64.97701263427734 76.38735580444336 29.52350425720215
D 70.67239379882812 79.32760620117188 29.60256814956665
D 67.83474731445312 78.78954792022705 29.672310829162598
D 71.42798233032227 82.73936939239502 29.743834018707275
D 69.5405044555664 80.46347904205322 29.81313729286194
D 66.93417358398438 75.46778678894043 29.891255617141724
D 66.52316856384277 78.46188354492188 30.038472414016724
D 67.41696548461914 78.08243751525879 30.1244215965271
D 67.13284301757812 82.48708534240723 30.202285528182983
D 66.75909042358398 78.8287878036499 30.277265071868896
D 73.18504333496094 82.60456275939941 31.077516317367554
D 72.59398651123047 81.37719345092773 31.148057460784912
D 72.5030517578125 79.81440734863281 31.227050304412842
D 73.7867660522461 79.7708330154419 31.29585075378418
D 71.56072235107422 81.78553009033203 31.36831283569336
D 71.31566619873047 81.46760940551758 31.450162410736084
D 75.77239418029785 84.869309425354 31.515716552734375
D 68.66096878051758 79.61965847015381 31.589105129241943
D 69.08984375 78.6809892654419 31.660006761550903
D 69.33070755004883 82.04199504852295 31.750149726867676
D 68.34992599487305 80.64253425598145 31.833157300949097
D 72.14159202575684 83.44985294342041 31.898044109344482
D 67.42135620117188 79.99567127227783 31.978063344955444
D 70.07907104492188 82.32713222503662 32.04979348182678
D 69.95722770690918 82.23746299743652 32.12292432785034
D 70.46013259887695 83.44967365264893 32.194422245025635
D 70.42370223999023 80.96444416046143 32.26707172393799
D 71.1673355102539 82.65060234069824 32.33598875999451
D 65.7473373413086 78.75646877288818 32.41216063499451
D 70.17363739013672 83.57034206390381 32.478631019592285
D 65.04722213745117 77.43472194671631 32.550644874572754
D 63.03685760498047 77.69871807098389 32.62114906311035
D 64.70518493652344 76.65777778625488 32.69555163383484
D 66.29166793823242 80.13194465637207 32.77312779426575
D 66.4439468383789 78.16292953491211 32.83834433555603
D 65.11297035217285 80.57740592956543 32.905715227127075
D 72.15249633789062 84.80431938171387 32.973164081573486
D 64.3157901763916 79.76900577545166 33.03504514694214
D 70.5929069519043 83.68085098266602 33.111263036727905
D 65.33663368225098 81.6666669845581 33.24774956703186
D 55.5 76.80666637420654 33.38433790206909
D 65.91975402832031 80.45370388031006 33.53060221672058
D 65.63028335571289 75.09507083892822 33.60037636756897
D 71.58612060546875 79.38413906097412 33.67957925796509
D 73.8684196472168 81.85463619232178 33.75650477409363
D 78.19757461547852 82.60000038146973 33.82187342643738
D 75.5 84.15277767181396 33.894267320632935
D 71.77411651611328 80.9059829711914 33.971028089523315
D 73.81536483764648 82.79306030273438 34.04897451400757
D 75.24402618408203 86.58113193511963 34.114569902420044
D 71.45575714111328 83.79030323028564 34.18484544754028
D 73.89047622680664 83.95119094848633 34.26102566719055
D 74.21059036254883 81.7364616394043 34.33926796913147
D 70.33211135864258 81.70940208435059 34.417096853256226
D 73.83462524414062 81.74418640136719 34.4877712726593
D 69.3573226928711 78.64267635345459 34.56869339942932
D 70.822998046875 80.74676990509033 34.64591574668884
D 77.45082092285156 86.28551864624023 34.70860552787781
D 75.91449356079102 88.25942039489746 34.77861523628235
D 72.08076858520508 82.78717994689941 34.85695028305054
D 73.0822868347168 83.81729412078857 34.92428493499756
D 69.89457321166992 80.00620174407959 34.999112129211426
D 69.94655227661133 81.51898765563965 35.07811641693115
D 73.06666564941406 86.4597225189209 35.14663887023926
D 74.7450065612793 85.86635971069336 35.2208468914032
D 66.49327278137207 80.55605411529541 35.290627241134644
D 73.48245620727539 85.2493724822998 35.36884522438049
D 73.04741287231445 83.63218402862549 35.452397108078
D 70.96734619140625 85.34421730041504 35.521944522857666
D 74.87096786499023 86.60080623626709 35.59540605545044
D 72.17129516601562 84.26697540283203 35.739381551742554
D 70.0954360961914 84.36237907409668 35.80579352378845
D 65.88257598876953 80.88005065917969 35.88100624084473
D 66.41956329345703 79.41184043884277 35.952696323394775
D 47.492753982543945 75.91787433624268 35.95290517807007
D 55.83950614929199 79.37654304504395 36.32692527770996
D 66.87165832519531 82.24420738220215 36.46440577507019
D 75.58943176269531 84.45121955871582 36.69499659538269
D 73.05839538574219 81.1532850265503 36.78029131889343
D 80.1623306274414 86.5241641998291 36.86079740524292
D 76.46428680419922 84.38333320617676 36.93379354476929
D 75.65821075439453 82.28140068054199 37.00671601295471
D 79.21296310424805 88.81349182128906 37.081894397735596
D 75.1871337890625 84.21783638000488 37.15685224533081
D 76.32638931274414 86.81944465637207 37.222691774368286
D 77.33981704711914 83.75097274780273 37.29798650741577
D 73.69108581542969 82.72649574279785 37.37501645088196
D 73.52417373657227 81.89440250396729 37.45193123817444
D 72.08546829223633 80.88888931274414 37.516160011291504
D 71.31586074829102 81.71908569335938 37.59177756309509
D 75.69709014892578 84.0806884765625 37.666940450668335
D 75.01652908325195 84.63911819458008 37.74833607673645
D 72.4664077758789 83.45865631103516 37.828789710998535
D 74.69685363769531 85.91446495056152 37.90686511993408
D 71.19230651855469 83.53589725494385 37.978339195251465
D 55.43055534362793 77.55555534362793 37.978527784347534
D 74.43880081176758 84.4192705154419 38.04728841781616
D 73.41846466064453 84.01558780670166 38.12906050682068
D 72.72681617736816 84.6428575515747 38.201295375823975
D 73.45922660827637 85.63519287109375 38.26934242248535
D 78.62454795837402 87.16967487335205 38.35058236122131
D 68.94495391845703 81.81804275512695 38.41854763031006
D 71.28010177612305 85.77820014953613 38.496917724609375
D 72.6103515625 83.96651458740234 38.56889486312866
D 69.8863296508789 83.8986177444458 38.65150427818298
D 72.48470878601074 87.4006118774414 38.7232620716095
D 71.0999984741211 86.19814872741699 39.165740966796875
D 72.80952453613281 83.95714282989502 39.245163679122925
D 74.11066818237305 83.27466678619385 39.317400217056274
D 76.7265625 85.3424482345581 39.393134117126465
D 76.9715461730957 84.1287260055542 39.46876549720764
D 76.50324249267578 84.89753532409668 39.548956871032715
D 70.88346862792969 79.54336071014404 39.62899851799011
D 78.62963104248047 86.46502017974854 39.69936966896057
D 74.49417114257812 83.11305332183838 39.770463705062866
D 79.19433212280273 85.43859672546387 39.84134888648987
D 75.12777709960938 84.73750019073486 39.917099952697754
D 74.14324951171875 82.55922889709473 39.990949392318726
D 74.06097412109375 83.62330627441406 40.07073760032654
D 75.21925735473633 82.34518527984619 40.14947819709778
D 71.96433639526367 83.48285293579102 40.238115310668945
D 71.10933303833008 80.36666679382324 40.319467306137085
D 71.72076034545898 82.13450336456299 40.38571357727051
D 69.80450057983398 80.42334747314453 40.45626783370972
D 74.14266204833984 84.22222232818604 40.52829194068909
D 69.13422012329102 79.86135673522949 40.60796308517456
D 71.59677505493164 84.09677410125732 40.69250750541687
D 70.7313232421875 80.0919542312622 40.76898741722107
D 72.6140365600586 84.2529239654541 40.845454692840576
D 73.00413131713867 81.88154315948486 40.9231743812561
D 75.08641815185547 85.44993114471436 41.00078082084656
D 71.95402336120605 82.3247127532959 41.074678897857666
D 68.2047233581543 82.96981620788574 41.15339493751526
D 63.68200874328613 76.15481185913086 41.22084331512451
D 72.3534927368164 84.34139823913574 41.29011154174805
D 74.34757804870605 85.45868968963623 41.36213517189026
D 75.28182983398438 87.85264682769775 41.4361138343811
D 69.46198654174805 81.31871318817139 41.50587511062622
D 73.05188751220703 85.59119510650635 41.57272005081177
D 74.21004486083984 88.69863033294678 41.64624071121216
D 74.72685241699219 89.92746925354004 41.72089886665344
D 72.99425315856934 88.23371601104736 41.79860782623291
D 75.54950523376465 90.47194766998291 41.87245798110962
D 68.69626235961914 86.19003105163574 41.94140696525574
D 74.84656143188477 92.29100513458252 42.165470600128174
D 75.9555549621582 93.77142810821533 42.241272926330566
D 67.95569610595703 83.7700424194336 42.316845417022705
D 72.57500076293945 90.29791641235352 42.39137101173401
D 69.82975006103516 82.09856605529785 42.54417109489441
D 71.81891059875488 83.26762866973877 42.61995506286621
D 74.00454521179199 85.31060600280762 42.69318699836731
D 70.02520942687988 86.27591037750244 42.77483344078064
D 69.92022705078125 84.95441627502441 42.94004774093628
D 68.80261421203613 82.79738521575928 43.0113046169281
D 65.85846710205078 73.78439140319824 43.08735799789429
D 72.8118953704834 82.53526973724365 43.15989923477173
D 71.74163436889648 79.60240936279297 43.307334661483765
D 69.53401374816895 78.7380952835083 43.37588095664978
D 69.08139419555664 78.71188640594482 43.450682163238525
D 67.0 80.86538505554199 43.534884452819824
D 68.57435989379883 79.08205127716064 43.615890979766846
D 64.87969970703125 74.90350914001465 43.69662833213806
D 70.26180648803711 86.61538505554199 43.765828132629395
D 71.0923080444336 83.4051284790039 43.83798289299011
D 70.40188980102539 80.27304935455322 43.910749435424805
D 67.0 79.36873149871826 43.99016308784485
D 71.2496566772461 83.43621444702148 44.05905604362488
D 74.95833206176758 84.80599021911621 44.13673782348633
D 68.66666793823242 76.36720848083496 44.28376483917236
D 65.03662872314453 77.74236869812012 44.42566466331482
D 71.65040588378906 81.66202068328857 44.533148765563965
D 69.74761962890625 78.5476188659668 44.63295769691467
D 74.7012825012207 85.20641040802002 44.70350742340088
D 72.33218383789062 81.95287322998047 44.7744505405426
D 69.16862869262695 81.69281005859375 44.843533515930176
D 74.355712890625 83.72320365905762 44.9205002784729
D 69.56578826904297 78.58114051818848 44.9998676776886
D 76.16251373291016 86.6488733291626 45.06529712677002
D 69.12263107299805 80.41917514801025 45.13866949081421
D 68.16950988769531 78.2218427658081 45.21549892425537
D 70.5 80.27777767181396 45.289318799972534
D 74.30117797851562 84.50482273101807 45.382235050201416
D 71.86401748657227 82.0 45.4726448059082
D 71.15262603759766 81.12087917327881 45.55155897140503
D 72.11701965332031 83.08037853240967 45.61976647377014
D 74.94662094116211 83.54804229736328 45.69882535934448
D 73.97354507446289 87.80290985107422 45.77410864830017
D 73.32742309570312 83.76832103729248 45.92789077758789
D 70.5 79.09037590026855 46.002116203308105
D 72.66424179077148 82.06545448303223 46.14316987991333
D 69.28760528564453 79.78219032287598 46.223533630371094
D 70.04880905151367 79.7916669845581 46.29478430747986
D 71.43511581420898 84.21628475189209 46.36643648147583
D 70.5848388671875 80.98917007446289 46.44585561752319