E 171.5073356628418 81.44234848022461 27.86111545562744
D 70.0512809753418 83.932692527771 27.95004439353943
D 73.41503143310547 82.8660135269165 28.006216526031494
E 174.18257904052734 82.15075302124023 28.007019519805908
E 172.3173065185547 81.84455108642578 28.061169147491455
D 71.62418365478516 82.75490188598633 28.06192708015442
D 66.36865234375 81.74503326416016 28.116679191589355
D 68.97461318969727 80.63686561584473 28.169124364852905
E 170.13547134399414 80.59893035888672 28.22569704055786
D 68.69071197509766 81.60218620300293 28.226381063461304
D 72.59335708618164 84.60022926330566 28.28528332710266
E 174.44855880737305 84.05967140197754 28.286070346832275
E 173.65925979614258 81.65432071685791 28.34286642074585
D 71.01290512084961 81.33548355102539 28.34342908859253
D 66.70394897460938 78.36842060089111 28.396538257598877
E 171.87948608398438 80.37948799133301 28.45253300666809
D 70.17386627197266 79.56367683410645 28.453213930130005
D 73.89548873901367 83.32343196868896 28.51215124130249
D 69.89337921142578 81.6812572479248 28.564818143844604
E 171.74928665161133 81.75783443450928 28.565430641174316
D 72.80600357055664 82.81136131286621 28.61950135231018
D 69.39373779296875 83.29530239105225 28.677064895629883
D 67.68181800842285 80.11147212982178 28.73461079597473
D 74.53845977783203 89.14209365844727 28.78838300704956
E 174.02882766723633 81.5567569732666 28.84334659576416
D 72.6966781616211 82.03429794311523 28.84414005279541
D 69.73785400390625 82.39887046813965 28.902324199676514
D 65.73931503295898 81.19658088684082 28.95675563812256
E 166.96491241455078 81.75828456878662 28.957516193389893
D 72.10124969482422 82.64163780212402 29.010737895965576
E 173.60367584228516 81.69816303253174 29.011440992355347
D 71.1597900390625 85.42116355895996 29.067664623260498
D 70.06493377685547 82.3041124343872 29.12727642059326
E 171.1942958831787 84.128342628479 29.127799034118652
E 171.97302627563477 83.68400764465332 29.183911085128784
D 70.14081573486328 84.31353092193604 29.18451499938965
E 172.87878799438477 82.44338130950928 29.23756456375122
D 71.21232986450195 82.7648401260376 29.238226413726807
E 175.38219833374023 85.05410194396973 29.292325019836426
D 74.4837646484375 84.03679656982422 29.2929790019989
D 77.2598876953125 88.46327686309814 29.347290992736816
E 178.41572952270508 88.58988761901855 29.34785485267639
D 76.24765396118164 87.53286361694336 29.401895761489868
E 177.66854858398438 87.2504711151123 29.4025399684906
D 77.3854866027832 87.37301540374756 29.452747344970703
E 178.2155876159668 87.27529048919678 29.453364849090576
D 71.55290222167969 85.16040992736816 29.513937950134277
E 172.52986526489258 84.49325656890869 29.514681100845337
E 175.56581115722656 86.07692337036133 29.57048201560974
D 74.18223571777344 86.40023040771484 29.571120262145996
D 69.01754379272461 80.28947353363037 29.62493872642517
E 170.03565979003906 81.19534873962402 29.625606060028076
D 72.95141220092773 85.9209041595459 29.69247055053711
E 174.61464309692383 86.07514381408691 29.69320321083069
D 73.36184310913086 85.87171077728271 29.754659414291382
E 174.28717803955078 86.12136745452881 29.755220890045166
D 73.85536575317383 86.8067798614502 29.80953049659729
E 171.8306884765625 83.92945289611816 29.865599870681763
D 71.10124969482422 83.64163780212402 29.86629557609558
E 173.97979736328125 82.92929267883301 29.923003911972046
D 72.07968521118164 82.99551105499268 29.92363452911377
D 71.1717529296875 83.96158218383789 29.977729082107544
E 172.01470565795898 83.75816917419434 29.978328943252563
D 72.04081726074219 85.07596397399902 30.031501531600952
E 173.0510196685791 84.92516994476318 30.032122373580933
D 75.3990592956543 87.98826313018799 30.080034971237183
E 176.0797882080078 88.23758888244629 30.08061933517456
D 71.76456069946289 84.02354431152344 30.134543657302856
E 173.0698585510254 84.42714595794678 30.135223150253296
D 71.95702743530273 82.77700328826904 30.201660871505737
E 176.25903701782227 87.63052177429199 30.252838134765625
D 75.10992813110352 86.94917297363281 30.25348210334778
E 176.04251861572266 87.26700687408447 30.301726579666138
D 74.96283721923828 88.14076614379883 30.30229377746582
E 175.50604629516602 86.09844589233398 30.352630376815796
D 75.17084884643555 85.39665508270264 30.353298664093018
D 76.10124969482422 87.42207050323486 30.401151657104492
E 176.98731994628906 87.70471000671387 30.4017436504364
D 71.91939163208008 85.1612195968628 30.45457935333252
E 172.5793228149414 85.6256685256958 30.4551203250885
D 73.82333374023438 87.00777816772461 30.50899052619934
E 176.57143020629883 89.06015014648438 30.56160283088684
D 74.4592056274414 88.52913761138916 30.562195539474487
D 72.33681869506836 86.58768844604492 30.61892795562744
E 175.08115768432617 87.06956481933594 30.619494915008545
E 173.50602340698242 88.9056224822998 30.669281721115112
D 64.28689956665039 84.47097873687744 30.721829414367676
E 165.5990333557129 83.37520122528076 30.722468852996826
E 160.33493614196777 77.11538505554199 30.78732419013977
D 58.57662010192871 79.43443870544434 30.787952661514282
E 160.22276496887207 76.39349555969238 30.84446668624878
D 58.35993766784668 77.73552417755127 30.845027446746826
D 67.54719734191895 84.5 30.906890630722046
E 169.3301887512207 81.17452812194824 30.907447814941406
E 163.3726348876953 75.10334777832031 30.96175217628479
D 61.08869743347168 81.88984298706055 30.962259531021118
E 169.78078079223633 80.81681728363037 31.020542860031128
E 173.2718963623047 83.1398696899414 31.069665908813477
D 72.47447395324707 90.75225257873535 31.07016158103943
D 66.97520637512207 87.21487617492676 31.123122453689575
E 166.49586868286133 76.97245216369629 31.123744010925293
D 69.04310417175293 87.64798831939697 31.1860613822937
E 168.27295684814453 76.46289348602295 31.18674349784851
D 70.96221351623535 89.78677463531494 31.238314628601074
E 169.71076583862305 79.25940322875977 31.239017009735107
E 169.68219757080078 77.39665508270264 31.294176816940308
D 70.5359992980957 88.81599998474121 31.294952630996704
E 169.02106475830078 75.03469657897949 31.35060405731201
D 69.37829399108887 87.88682174682617 31.40476894378662
E 168.17084884643555 75.39665508270264 31.405466556549072
D 69.78364753723145 88.45031452178955 31.46574831008911
E 169.07549285888672 79.06620216369629 31.46640396118164
D 68.56140327453613 87.4075574874878 31.52119541168213
E 168.32192611694336 77.11406803131104 31.521796941757202
D 67.69485282897949 86.66176509857178 31.57423424720764
E 167.18742561340332 76.70462608337402 31.57487154006958
E 166.0579719543457 74.09178733825684 31.62737464904785
E 165.95422554016113 74.53286361694336 31.691794872283936
D 70.44163131713867 87.14908599853516 31.74334192276001
E 169.88390731811523 78.02873516082764 31.74408507347107
D 68.17558288574219 86.838134765625 31.796261310577393
E 168.393310546875 77.77508640289307 31.796855211257935
E 162.78279495239258 72.0591402053833 31.849124908447266
E 163.80490493774414 73.43701267242432 31.90133023262024
D 63.912925720214844 80.83401393890381 31.902051210403442
E 170.95362281799316 80.71111106872559 31.955381631851196
D 66.81696891784668 84.77696990966797 32.07334661483765
E 169.4128532409668 76.94771194458008 32.07395625114441
E 170.47876930236816 79.97876834869385 32.12920331954956
E 170.17899322509766 78.87674140930176 32.193727016448975
D 69.98513793945312 90.52441596984863 32.24110436439514
E 172.60389518737793 83.37662315368652 32.24175691604614
D 68.91635513305664 84.25343322753906 32.300382137298584
E 171.29618072509766 79.90608882904053 32.35150170326233
E 171.94736862182617 81.75986862182617 32.40758919715881
D 70.1516342163086 90.34771251678467 32.408263206481934
D 66.66147804260254 84.5758752822876 32.46712613105774
E 168.0040168762207 75.54317283630371 32.46800112724304
E 169.87195777893066 75.81269836425781 32.52172017097473
E 173.07440567016602 79.50396823883057 32.57679271697998
D 72.33070945739746 87.73228359222412 32.57752871513367
E 170.3902187347412 77.84431076049805 32.64126110076904
D 69.08798027038574 86.55885982513428 32.6418571472168
E 171.71001052856445 79.89370441436768 32.69665551185608
E 195.07189559936523 78.33986949920654 32.74570846557617
E 170.3856201171875 79.40849685668945 32.80001640319824
D 68.54936027526855 87.33449459075928 32.80072736740112
E 173.72222137451172 85.26282024383545 32.85143065452576
D 72.86466217041016 92.72180461883545 32.852065563201904
E 174.8711395263672 83.5793399810791 32.90523862838745
E 175.14405822753906 83.59936904907227 32.953242778778076
E 173.7276554107666 83.62145137786865 33.00344252586365
E 173.6806812286377 83.22822856903076 33.07046937942505
E 168.66043663024902 78.3707160949707 33.13663983345032
E 172.17059516906738 79.76992130279541 33.18870997428894
D 70.10284996032715 89.41759586334229 33.189358949661255
E 174.3343849182129 82.94532108306885 33.23758506774902
D 72.84969711303711 91.00606060028076 33.23817777633667
E 173.23015785217285 81.3154764175415 33.287153005599976
D 71.93216323852539 91.85497093200684 33.287853479385376
E 174.61816215515137 81.97420024871826 33.38819241523743
E 175.83815574645996 84.63022518157959 33.43621230125427
D 74.33807754516602 92.83867168426514 33.43698310852051
E 174.50724601745605 83.35093212127686 33.486292362213135
D 73.02415466308594 93.03502368927002 33.48708176612854
D 74.1606273651123 92.4371976852417 33.53614163398743
E 176.33883476257324 83.17161750793457 33.53692817687988
D 69.66784858703613 89.28723430633545 33.59017300605774
E 171.52848052978516 82.0675106048584 33.59084916114807
D 69.77376747131348 89.16245460510254 33.64332175254822
D 53.68468475341797 85.13513469696045 33.643404722213745
E 173.33007621765137 82.38870811462402 33.68889546394348
E 173.62636184692383 81.52396488189697 33.73692321777344
D 71.71857070922852 90.54440593719482 33.737682819366455
E 171.12594985961914 79.21824073791504 33.792625427246094
E 194.25541305541992 74.41991329193115 33.79269790649414
E 173.01068305969238 81.05235004425049 33.84544253349304
D 71.51168441772461 90.63714599609375 33.84622597694397
E 175.0131320953369 83.07373809814453 33.8984637260437
E 171.08917236328125 80.69426727294922 33.960609912872314
D 71.96453857421875 89.60992908477783 34.007824182510376
E 174.61184120178223 81.88267517089844 34.05807042121887
D 72.80917930603027 91.12318801879883 34.05872988700867
D 71.11887168884277 89.42156887054443 34.113576889038086
E 172.88750076293945 79.97291660308838 34.114402532577515
D 69.92170906066895 89.32740211486816 34.16817569732666
E 171.41814613342285 79.89053249359131 34.16886234283447
D 73.34787940979004 90.40727233886719 34.21541666984558
E 174.0283908843994 83.96740245819092 34.264490365982056
D 72.52437400817871 91.34255599975586 34.26509737968445
D 70.37515449523926 89.69987678527832 34.32062339782715
E 171.83384323120117 80.9102954864502 34.321362018585205
E 170.19210815429688 77.85669803619385 34.375128507614136
D 68.7979793548584 87.82379341125488 34.42846632003784
E 174.833890914917 82.68004417419434 34.47772574424744
E 172.87096786499023 81.90430068969727 34.52521824836731
D 68.27677536010742 87.58243083953857 34.57739043235779
E 170.11422729492188 79.06853580474854 34.578179597854614
E 169.90392112731934 78.66764736175537 34.683764934539795
D 68.70553588867188 87.98468780517578 34.684510231018066
E 173.10072708129883 82.07684326171875 34.741079568862915
E 170.36033248901367 79.14018726348877 34.85640621185303
E 170.52427101135254 78.83387279510498 34.96749567985535
D 69.57309913635254 86.81637382507324 35.0335750579834
E 170.75132369995117 78.66031742095947 35.03420686721802
E 168.2512664794922 74.98682880401611 35.0884850025177
D 70.04086875915527 88.38952732086182 35.14504837989807
E 171.4557113647461 78.42773914337158 35.258288621902466
E 166.72132873535156 75.40621662139893 35.31267976760864
E 172.07237434387207 80.87054061889648 35.36551284790039
E 173.28188705444336 82.63344097137451 35.42935252189636
E 172.90897941589355 80.0553503036499 35.48634457588196
D 66.90338134765625 86.28260898590088 35.54278063774109
E 168.50453567504883 77.37528324127197 35.54387187957764
E 171.4537353515625 79.34782600402832 35.66040658950806
E 173.09109687805176 81.6904764175415 35.717856645584106
D 71.74661827087402 89.5399751663208 35.7185218334198
E 170.90142250061035 77.8689022064209 35.820250511169434
E 171.86349296569824 81.24444484710693 35.87312841415405
E 169.9786319732666 76.60363292694092 35.9264452457428
D 69.60642623901367 84.3828649520874 35.927319288253784
E 171.15955352783203 79.21138191223145 35.9824914932251
D 71.24505996704102 90.22397899627686 36.04928255081177
E 172.05450820922852 82.18658256530762 36.05010485649109
E 168.70457077026367 75.95094776153564 36.111252546310425
D 66.75838851928711 84.68456363677979 36.11204695701599
E 169.75467491149902 78.16831684112549 36.182321071624756
E 167.99145317077637 75.52777767181396 36.2383599281311
E 172.24303245544434 78.67558574676514 36.294477462768555
E 167.9148712158203 77.82974338531494 36.359482765197754
E 171.98272323608398 79.70121955871582 36.41802501678467
D 71.20671844482422 86.03746795654297 36.46983003616333
E 172.65048599243164 77.8770227432251 36.47055006027222
D 67.92729377746582 87.55033588409424 36.529282569885254
E 169.92762565612793 79.87054061889648 36.530205965042114
D 70.12191963195801 87.63424110412598 36.63465428352356
E 171.2079315185547 78.57877826690674 36.63549876213074
D 72.90218734741211 88.42728424072266 36.69227147102356
E 174.43156814575195 81.72737312316895 36.69316625595093
E 168.13607597351074 75.22362899780273 36.75569009780884
D 66.63498115539551 83.27629947662354 36.75648236274719
D 70.54894256591797 89.56084632873535 36.8109495639801
E 170.88465690612793 78.74285697937012 36.864622354507446
E 171.32920455932617 79.4912281036377 36.91850399971008
D 69.65205764770508 87.99867153167725 36.91927695274353
D 67.76383781433105 86.8302583694458 36.97380709648132
E 172.62272262573242 80.18006420135498 37.02612614631653
E 171.83908081054688 81.91744995117188 37.07957148551941
D 70.72761154174805 89.90422916412354 37.08038926124573
D 68.02871322631836 85.97003746032715 37.132893323898315
E 169.5268497467041 78.25227928161621 37.18773365020752
D 68.66547584533691 86.82499980926514 37.24361991882324
D 72.46206855773926 89.96551704406738 37.33423209190369
E 175.28953170776367 81.76388931274414 37.39044761657715
D 74.14761924743652 89.7678575515747 37.44286823272705
D 68.06530570983887 86.67619037628174 37.50443124771118
E 169.59354782104492 78.17204284667969 37.50518178939819
E 169.84939002990723 77.02325534820557 37.56244492530823
D 68.02709007263184 85.51354503631592 37.56319332122803
E 171.5176601409912 80.26931571960449 37.716538429260254
E 169.5670108795166 78.61855697631836 37.77453279495239
E 193.26797485351562 73.6993465423584 37.77460789680481
E 166.72100257873535 74.15256023406982 37.83922362327576
D 67.83216857910156 84.04895114898682 37.895421743392944
E 169.33124351501465 76.13688564300537 37.896156311035156
E 173.29491233825684 79.5098648071289 37.94965648651123
E 170.71216583251953 78.09396648406982 38.014726877212524
D 69.10201644897461 86.70225429534912 38.0153603553772
E 173.43384552001953 80.90666675567627 38.0741240978241
D 69.86168670654297 86.36791133880615 38.18075084686279
E 171.19158363342285 78.6644515991211 38.181392192840576
D 65.11666679382324 82.01282024383545 38.23324704170227
E 165.5708465576172 73.56371021270752 38.234142541885376
E 166.5791244506836 77.46576881408691 38.29797959327698
E 169.96688652038574 80.45143508911133 38.35109353065491
E 168.06406021118164 74.86210632324219 38.40564489364624
E 168.9303798675537 79.04219436645508 38.45642971992493
E 166.44444465637207 75.11689758300781 38.51548099517822
D 65.85365867614746 83.52845573425293 38.51620841026306
D 65.17852592468262 82.21348285675049 38.56889200210571
E 166.1874294281006 75.1301908493042 38.56960606575012
D 66.30821990966797 82.33789920806885 38.62406873703003
E 169.4580421447754 78.11305332183838 38.68220138549805
D 66.02355766296387 84.5806827545166 38.74876570701599
E 167.42028999328613 77.26755809783936 38.749457597732544
E 166.5709342956543 74.90311431884766 38.812825202941895
E 167.16607284545898 77.36061668395996 38.91220831871033
D 66.26848220825195 84.41893672943115 38.91284513473511
E 169.01315879821777 79.57017517089844 38.96796679496765
D 68.26966285705566 85.58926296234131 38.968507289886475
E 169.28125 79.40312480926514 39.03534412384033
E 166.97260284423828 77.28424644470215 39.09113121032715
E 168.08223724365234 76.5537281036377 39.14523649215698
D 67.43845176696777 85.27247619628906 39.14598059654236
E 164.0660057067871 72.69636917114258 39.1999614238739
E 165.29665565490723 73.21682834625244 39.25405836105347
D 64.42943954467773 79.73357677459717 39.25457048416138
D 68.68781089782715 85.8333330154419 39.307496309280396
E 169.01801872253418 77.21621608734131 39.40997338294983
D 68.78417205810547 84.70503616333008 39.41081523895264
E 169.17666625976562 77.53444480895996 39.46473002433777
E 173.18789863586426 80.99787712097168 39.52182960510254
E 168.21212196350098 76.47025871276855 39.618654012680054
E 167.716402053833 73.68888854980469 39.68114995956421
D 66.56800079345703 81.9573335647583 39.68206310272217
E 166.7625274658203 76.54684066772461 39.73961400985718
E 168.2145118713379 73.74447917938232 39.80292224884033
E 170.6666660308838 78.38241291046143 39.85816717147827
D 69.72916603088379 87.20220565795898 39.85889530181885
E 168.65423774719238 77.65084743499756 39.912843465805054
D 66.7209587097168 83.62121200561523 39.96871566772461
E 167.46090507507324 76.77160453796387 39.9694139957428
D 68.10945320129395 84.65547275543213 40.019956827163696
E 168.39292907714844 76.02828311920166 40.02068567276001
E 172.1774196624756 80.19784927368164 40.075727224349976
D 71.06182861328125 88.63844108581543 40.076411724090576
D 71.34000015258789 89.28400039672852 40.12571096420288
E 172.08932495117188 80.54684066772461 40.12646007537842
D 68.38354301452637 85.61506271362305 40.17999768257141
E 169.9036464691162 77.2057294845581 40.18092107772827
D 78.07009315490723 91.40810012817383 40.22854280471802
E 179.62408256530762 85.38179111480713 40.22925305366516
E 182.06473541259766 83.34975814819336 40.28210949897766
D 77.23126029968262 87.85964870452881 40.282922983169556
E 178.8799991607666 87.63238048553467 40.46537637710571
D 75.91737937927246 89.56980037689209 40.46593356132507
E 172.30337142944336 84.13483142852783 40.527374267578125
E 169.18939399719238 83.41098499298096 40.58475852012634
E 174.06562995910645 81.81519889831543 40.639631509780884
E 173.53495979309082 84.63414669036865 40.69049882888794
D 70.43548393249512 84.61827945709229 40.691062211990356
E 173.5071563720703 85.37627792358398 40.74307084083557
E 169.7616672515869 83.54666709899902 40.79597616195679
E 172.58135986328125 78.92733001708984 40.90926265716553
D 68.29265594482422 79.25649738311768 40.90993690490723
E 172.83823585510254 81.49182987213135 40.96128606796265
D 68.58513259887695 81.78776931762695 40.96194076538086
E 172.79279327392578 72.56982040405273 40.96283721923828
E 176.53202438354492 84.08888912200928 41.01662015914917
E 173.62365531921387 79.72657489776611 41.071227073669434
D 69.39490509033203 68.71337509155273 41.07252097129822
D 69.34306526184082 80.20559597015381 41.073466539382935
E 170.39013481140137 81.72346782684326 41.12599301338196
D 65.74495887756348 81.84104347229004 41.12669801712036
E 174.2578010559082 84.5139570236206 41.184998989105225
D 69.49337768554688 84.02207469940186 41.18572688102722
E 174.46252059936523 83.66507148742676 41.238577127456665
E 174.29069900512695 82.91343688964844 41.28991079330444
E 173.93939399719238 85.57754039764404 41.34668469429016
D 70.01876449584961 84.8145694732666 41.34732222557068
D 66.95098114013672 83.01307201385498 41.39805746078491
E 171.54070663452148 82.8095235824585 41.398624897003174
E 176.13333320617676 88.22790718078613 41.44991111755371
D 71.99044418334961 88.36836528778076 41.450509548187256
E 171.01309967041016 81.52547264099121 41.50991249084473
E 172.90134620666504 83.29148006439209 41.57281231880188
D 67.64973449707031 82.61269855499268 41.5735342502594
D 70.24026107788086 83.78354930877686 41.62583017349243
E 174.50801277160645 81.64903831481934 41.62633728981018
D 73.48543548583984 86.65264320373535 41.677907943725586
E 177.40643310546875 85.53654956817627 41.67845392227173
E 177.53832244873047 77.34581184387207 41.67927527427673
D 66.12761306762695 82.11771202087402 41.74310827255249
E 169.74811553955078 80.83107089996338 41.74378442764282
E 172.4090919494629 80.71349906921387 41.80412817001343
D 68.4847526550293 82.54363822937012 41.86038637161255
E 172.60857582092285 81.19502067565918 41.86103630065918
E 170.12853240966797 80.41242980957031 41.91587781906128
D 66.46451568603516 82.63225841522217 41.91644501686096
E 172.31759643554688 83.9370527267456 41.97226524353027
D 69.05815124511719 84.50259590148926 41.97286128997803
E 169.15913009643555 78.4690113067627 42.0265634059906
E 174.52401733398438 85.18340587615967 42.07574272155762
E 174.59027862548828 84.44722175598145 42.132967472076416
D 71.06958389282227 86.5061731338501 42.13354682922363
E 169.7237663269043 80.39197540283203 42.18307161331177
D 67.73526382446289 82.59056758880615 42.23763298988342
E 171.98948860168457 81.11861896514893 42.238178730010986
E 168.8452377319336 78.34259223937988 42.29287791252136
E 175.5504207611084 86.36694717407227 42.34778046607971
D 71.1781234741211 88.39270877838135 42.34834003448486
D 68.69726943969727 83.80218601226807 42.402660846710205
E 172.38393020629883 81.1845235824585 42.40322828292847
D 62.850650787353516 79.01298713684082 42.45340704917908
E 166.77386283874512 78.08516883850098 42.45396018028259
D 62.83333206176758 67.45048141479492 42.454972982406616
E 168.06209182739258 79.68954277038574 42.517351388931274
D 63.59935760498047 81.07905960083008 42.51808571815491
E 168.8333339691162 77.94771194458008 42.56795787811279
D 64.74946212768555 77.21290302276611 42.56872892379761
D 66.38065338134766 83.31966304779053 42.623549699783325
E 169.68017959594727 80.72972965240479 42.68869924545288
D 66.28861618041992 82.17276382446289 42.68933057785034
D 69.75135803222656 84.2877311706543 42.752432107925415
E 173.6205348968506 82.9389877319336 42.75313425064087
E 170.03115272521973 80.28816223144531 42.806689500808716
D 66.0340805053711 81.63258743286133 42.80721688270569
E 172.95397567749023 82.50627613067627 42.8613817691803
E 170.5783863067627 83.84779262542725 42.91797709465027
D 67.3586196899414 84.17011451721191 42.9187228679657
E 170.70195770263672 77.83529472351074 42.91959309577942
E 168.88607597351074 78.70886039733887 42.9758825302124
E 167.32420349121094 73.61415481567383 42.977397441864014
E 173.62365531921387 82.80030727386475 43.03624629974365
D 70.45215606689453 83.28706645965576 43.03712487220764
E 173.37409210205078 81.16593933105469 43.09539341926575
E 173.8070182800293 81.47514629364014 43.1485698223114
E 172.47706413269043 84.55198764801025 43.2008216381073
D 69.44512176513672 86.67682933807373 43.201592683792114
E 171.79671096801758 82.6860990524292 43.253026247024536
D 68.45030975341797 83.41925430297852 43.25361514091492
D 69.97058868408203 84.45424842834473 43.30541157722473
E 173.55167388916016 82.911208152771 43.30612277984619
E 172.27703666687012 82.43703746795654 43.360748529434204
D 68.91692352294922 83.49025630950928 43.36137413978577
E 172.44736862182617 82.03216361999512 43.4164297580719
D 68.58223724365234 74.38486862182617 43.41751194000244
D 68.53125 84.65625 43.41829705238342
E 173.3984489440918 80.93333339691162 43.48092818260193
D 70.21469116210938 83.09830474853516 43.481616258621216
E 175.74920654296875 81.26507949829102 43.534143686294556
D 72.13725471496582 84.28104591369629 43.534862756729126
E 172.31081008911133 79.98798751831055 43.597980976104736
D 68.93124961853027 82.24791622161865 43.5987024307251
E 172.2061996459961 82.6279067993164 43.660263538360596
D 66.4781265258789 80.51249980926514 43.71511912345886
E 170.453125 79.43055534362793 43.71589493751526
D 68.02530288696289 83.82508277893066 43.76912879943848
E 171.82518577575684 82.26666641235352 43.769843101501465
E 173.86274528503418 83.94771194458008 43.82595086097717
D 69.92281723022461 84.66778564453125 43.826637983322144
E 174.6800594329834 83.0238094329834 43.88012099266052
D 71.0 84.05696201324463 43.880677461624146
E 173.89592742919922 85.5746603012085 43.9458966255188
D 70.50308609008789 86.39506149291992 43.94663691520691
E 171.4019603729248 80.64425754547119 44.0088586807251
E 171.0062599182129 79.0422534942627 44.062949657440186
D 67.28527450561523 78.61349678039551 44.12678813934326
E 171.21709442138672 79.69572639465332 44.12737727165222
D 72.0340805053711 85.56762504577637 44.18093752861023
E 176.12262344360352 84.05181312561035 44.181642293930054
E 174.33495903015137 85.10243892669678 44.240265130996704
E 172.87703704833984 81.71851825714111 44.299434661865234
D 69.04255294799805 81.38095283508301 44.30011558532715
D 69.95808792114258 82.42105293273926 44.352654218673706
E 173.55555725097656 82.65641021728516 44.353267431259155
E 173.54654693603516 82.54804801940918 44.418800830841064
D 69.54391860961914 83.15315246582031 44.41956043243408
D 72.9959716796875 86.60624408721924 44.467140674591064
E 176.57009315490723 84.93146419525146 44.46780061721802
E 170.43627548217773 78.60784339904785 44.5239360332489
D 66.7351303100586 81.89786720275879 44.52473068237305
E 171.73797607421875 79.86567211151123 44.578630447387695
D 67.57413482666016 82.19175052642822 44.57934379577637
E 174.52204513549805 85.45678997039795 44.62883257865906
D 70.29039573669434 85.97175121307373 44.629494428634644
E 175.4472370147705 84.07537651062012 44.68606448173523
D 71.49068450927734 84.4534158706665 44.68663311004639
E 174.31407356262207 84.70666694641113 44.73931646347046
D 70.66969680786133 73.4636344909668 44.740227937698364
D 70.5457763671875 85.17018795013428 44.74085330963135
E 175.99854469299316 87.01601123809814 44.800785303115845
D 72.50348281860352 88.10845756530762 44.80131387710571
E 172.0251579284668 83.11477947235107 44.854201316833496
D 67.73204803466797 84.4362268447876 44.85484266281128
D 74.23216247558594 84.36315250396729 44.902939319610596
E 178.54370307922363 84.03407382965088 44.903563261032104
E 173.8128662109375 83.00146198272705 44.97291851043701
D 70.29617691040039 83.30891704559326 44.973604917526245
E 177.6377468109131 86.28767108917236 45.03062891960144
D 73.2286319732666 87.32051277160645 45.03120398521423
E 176.53333282470703 85.89305591583252 45.07960510253906
D 72.74161148071289 87.08948516845703 45.08041977882385
D 73.613037109375 78.19979095458984 45.13251185417175
E 177.7561321258545 87.95959568023682 45.13342785835266
D 73.48395156860352 89.17530822753906 45.134199142456055
E 172.5742416381836 83.06060600280762 45.194382667541504
D 68.19940567016602 84.68154716491699 45.19502806663513
E 168.80049514770508 79.2267656326294 45.24994969367981
D 64.70136642456055 80.55730819702148 45.2505624294281
D 66.63054656982422 79.77502536773682 45.30534791946411
E 170.48604202270508 80.29556655883789 45.30603528022766
E 171.24492835998535 81.51449298858643 45.35750150680542
D 66.48541641235352 82.73854160308838 45.35806941986084
E 171.48347091674805 81.06336116790771 45.41760563850403
D 67.2395133972168 82.2417221069336 45.418139934539795
E 172.21818161010742 83.62575721740723 45.473628997802734
D 68.01250076293945 84.36562538146973 45.47423267364502
E 170.93231773376465 82.53299522399902 45.529033184051514
D 67.18871688842773 83.96717929840088 45.52957057952881
E 168.06441116333008 76.98389720916748 45.58615970611572
D 64.49068450927734 79.50931644439697 45.5868136882782
E 172.20642280578613 79.98776721954346 45.63698410987854
D 68.85773468017578 82.82346820831299 45.6375732421875
E 171.8297576904297 79.8726749420166 45.68944978713989
D 67.97106170654297 83.18113613128662 45.69021964073181
E 173.0876350402832 81.6666669845581 45.744821071624756
E 169.1409091949463 77.77727317810059 45.80973792076111
D 64.9250259399414 79.6160078048706 45.81041240692139
D 69.56318283081055 85.5422887802124 45.85919761657715
E 176.1637420654297 83.413743019104 45.90936899185181
E 172.51666641235352 80.00606060028076 45.96137356758118
D 68.4749984741211 81.35312461853027 45.96193718910217
E 171.2212257385254 78.13452911376953 46.018563747406006
D 67.67661666870117 80.16318416595459 46.019301891326904
E 177.94954109191895 87.40978622436523 46.07633686065674
D 73.6943473815918 88.9780855178833 46.07698726654053
E 178.07238006591797 79.35238075256348 46.07784581184387
E 172.1720428466797 81.26113700866699 46.13219690322876
D 68.45222854614258 82.70700645446777 46.13299202919006
E 172.56299781799316 81.20095729827881 46.19250464439392
D 68.3795166015625 81.6526107788086 46.19318675994873
E 170.28005409240723 80.17213153839111 46.2452974319458
D 66.05609512329102 83.2308521270752 46.24580979347229
E 170.16239166259766 73.12991523742676 46.24669647216797
D 71.9781265258789 83.93437480926514 46.297672271728516
E 175.6444435119629 82.82698440551758 46.298234701156616
E 174.1460475921631 82.19931316375732 46.35284233093262
D 70.056884765625 83.35528945922852 46.35346341133118
E 178.6773223876953 82.73820400238037 46.40678310394287
D 75.19062042236328 83.2660551071167 46.4074547290802
E 174.79812240600586 81.07042217254639 46.46323871612549
D 70.96794891357422 83.48824787139893 46.463881969451904
E 175.0755729675293 82.17813777923584 46.5171594619751
D 71.55692291259766 83.60512828826904 46.51777911186218
E 171.66366386413574 81.3183183670044 46.57033896446228
D 68.30513763427734 83.97583103179932 46.57111597061157
D 72.60256385803223 83.7029914855957 46.62043881416321
E 176.00283813476562 81.87943267822266 46.62119269371033
E 171.73395919799805 81.31611919403076 46.68418264389038
D 68.31725692749023 83.46838188171387 46.684842586517334
E 173.28832626342773 80.78481006622314 46.73623442649841
D 69.06289291381836 82.4517822265625 46.737021923065186
E 172.22756385803223 84.82532024383545 46.792001247406006
D 68.32012176513672 85.60060977935791 46.79259920120239
E 173.8726406097412 81.58176136016846 46.849138259887695
D 70.25640869140625 82.92923069000244 46.84980916976929
E 178.4639015197754 86.87864780426025 46.90138816833496
D 74.12874221801758 87.46606826782227 46.90217089653015
E 171.85629653930664 81.87407398223877 46.9564528465271
D 68.08280944824219 82.41509437561035 46.957125425338745
D 71.52229309082031 73.57961654663086 47.01032042503357
E 177.82720947265625 87.37823104858398 47.0599148273468
D 73.40241241455078 88.10635948181152 47.060627460479736
E 172.31363677978516 81.97424221038818 47.118144035339355
D 68.15400314331055 83.6737585067749 47.11890125274658
E 174.05633926391602 82.7089204788208 47.17254638671875
D 69.63120651245117 82.72846984863281 47.173234701156616
E 173.3412322998047 85.01895713806152 47.22597932815552
D 69.43597412109375 86.5294713973999 47.226744651794434
E 173.84704208374023 82.91919231414795 47.28155016899109
D 70.54500579833984 84.5924825668335 47.282161712646484
E 173.76788902282715 81.72076797485352 47.334524154663086
D 69.32214736938477 84.08501148223877 47.335216760635376
E 172.98155975341797 80.90070915222168 47.390841007232666
D 69.46521377563477 83.41536903381348 47.39158797264099
E 172.1080665588379 81.16438388824463 47.44513273239136
D 68.2822151184082 83.79552745819092 47.4457733631134
E 171.55793952941895 80.20600891113281 47.50485062599182
D 68.22153091430664 81.3695650100708 47.505356550216675
E 172.2239055633545 81.11447811126709 47.56945204734802
D 67.6143798828125 83.34204769134521 47.57027792930603
E 172.4639015197754 83.08755779266357 47.63472032546997
D 68.56927871704102 84.50903606414795 47.635393142700195
E 172.19019317626953 74.06078338623047 47.63627099990845
E 171.00854682922363 81.9059829711914 47.69492149353027
E 172.83050918579102 83.83757019042969 47.75255346298218
D 69.05666732788086 83.9466667175293 47.75332045555115
E 173.24324417114258 83.27177143096924 47.81427025794983
D 69.83537673950195 83.009202003479 47.8149356842041
D 64.86256408691406 77.9928207397461 47.87617778778076
E 169.73779678344727 80.11715507507324 47.92949938774109
D 65.3907356262207 81.64551830291748 47.93019247055054
E 167.36122131347656 79.06108856201172 47.993714570999146
E 166.24019622802734 72.83333396911621 47.99488091468811
E 169.19369316101074 80.03303337097168 48.05231976509094
D 65.12360763549805 81.62512683868408 48.05288481712341
E 168.75132369995117 79.87566184997559 48.10991430282593
E 167.0625 72.79791641235352 48.11130690574646
E 171.08527183532715 78.06976699829102 48.19623947143555
D 67.52152252197266 80.82182216644287 48.19817566871643
E 167.6822052001953 78.04237270355225 48.25760245323181
D 63.91313934326172 80.14440822601318 48.25812292098999
E 169.90991020202637 79.33933925628662 48.31368970870972
D 66.0531234741211 81.57916641235352 48.31443381309509
D 64.58934211730957 79.44409656524658 48.36907982826233
E 170.01195907592773 77.3647232055664 48.4306378364563
E 177.14710426330566 84.18309879302979 48.48085069656372
E 173.2046070098877 82.8197832107544 48.540518045425415
D 69.06161499023438 83.44848442077637 48.541282176971436
E 173.30555534362793 79.6990737915039 48.60327196121216
D 70.23229217529297 82.37812519073486 48.6039617061615
E 172.84106826782227 81.02531623840332 48.66555571556091
E 166.3289279937744 74.48458194732666 48.71733903884888
D 62.23426055908203 77.43859672546387 48.71789813041687
E 169.37837982177734 76.09159183502197 48.77562975883484
D 65.82051467895508 68.64767456054688 48.77668857574463
E 169.8679542541504 78.69082164764404 48.84082508087158
D 65.99698638916016 81.80421733856201 48.84152817726135
D 65.99602127075195 80.0169153213501 48.897619009017944
E 170.00148010253906 78.08888816833496 48.898383378982544
E 169.07987785339355 80.17972373962402 48.95313382148743
D 65.22222137451172 81.48456764221191 48.953710079193115
E 170.156494140625 77.16431903839111 49.01792883872986
E 170.41847038269043 78.9105339050293 49.07189464569092
D 66.38232040405273 80.87539958953857 49.072509765625
E 172.05769157409668 80.4397439956665 49.13883447647095
D 68.52035140991211 83.48404884338379 49.13956046104431
E 174.27971076965332 79.7478256225586 49.20435667037964
D 71.39130401611328 82.4534158706665 49.20492649078369
E 173.2136344909668 79.98333358764648 49.261412143707275
D 69.21090698242188 82.63271617889404 49.26201105117798
E 174.5342903137207 80.3253583908081 49.31360983848572
D 70.77011489868164 81.70532894134521 49.31434226036072
E 173.62074851989746 81.2023811340332 49.37668752670288
E 170.1898899078369 79.48907089233398 49.43387031555176
E 171.45531845092773 80.87943267822266 49.49223756790161
D 67.80937194824219 82.3077745437622 49.49290108680725
E 173.14480781555176 82.93305969238281 49.547292947769165
D 69.21221160888672 84.86886882781982 49.5480580329895
E 173.11949920654297 74.54874229431152 49.54893779754639
E 174.13517570495605 83.07834148406982 49.60732340812683
E 177.32222175598145 87.50972175598145 49.653332471847534
D 72.79842376708984 90.17342376708984 49.65403914451599
E 169.94537734985352 80.03081226348877 49.762505531311035
D 66.22187805175781 81.08771896362305 49.76324248313904
E 166.3613452911377 78.67226886749268 49.863213300704956
E 167.03913688659668 78.48717975616455 49.91849207878113
D 62.748321533203125 81.66107368469238 49.91924285888672
E 172.2804012298584 82.5121603012085 49.97037386894226
D 67.15306091308594 86.32086181640625 49.970927715301514
E 168.4375 81.73828125 50.032522678375244
E 166.31186866760254 75.68560600280762 50.090280532836914
E 170.5730495452881 81.51773071289062 50.1466805934906
E 172.99603080749512 77.8571424484253 50.20588397979736
E 168.5116844177246 82.83271789550781 50.26114082336426
E 174.51190567016602 85.31481456756592 50.31394648551941
E 170.58888816833496 79.81851863861084 50.367661476135254
D 65.9718017578125 85.53575038909912 50.36837434768677
E 174.13665390014648 85.79948902130127 50.4244863986969
E 179.3368911743164 92.88612079620361 50.482924461364746
E 171.66198921203613 80.06081867218018 50.539984464645386
E 176.71709632873535 81.31242275238037 50.60397386550903
E 170.86090278625488 79.50626564025879 50.669777631759644
E 171.89338302612305 77.83455848693848 50.72650480270386
E 172.0936737060547 80.43065738677979 50.795392990112305
E 172.52788543701172 79.5252914428711 50.85690784454346
E 172.18829536437988 79.99745559692383 50.9103467464447
E 168.75119018554688 77.14642810821533 50.965506076812744
D 67.05479431152344 83.5684928894043 51.01919889450073
E 171.93148803710938 79.60210800170898 51.019917249679565
E 175.87719345092773 83.0651626586914 51.07387399673462
E 171.73748397827148 78.91452980041504 51.13449811935425
E 171.8628158569336 78.72322463989258 51.18814730644226
E 171.8046360015869 80.94701957702637 51.24169659614563
E 172.77944946289062 78.08771896362305 51.294337034225464
E 175.57514190673828 81.46666622161865 51.34490942955017
E 172.45787620544434 81.12576293945312 51.41157341003418
E 174.47635459899902 81.96885776519775 51.471186876297
E 172.7052764892578 79.43243217468262 51.52873229980469
E 172.84079551696777 79.8320894241333 51.58994126319885
E 169.92969703674316 75.76121234893799 51.646172523498535
E 169.81057739257812 78.37146377563477 51.70186924934387
E 171.47761154174805 80.75 51.758102893829346
E 175.37591171264648 78.82116794586182 51.81474995613098
E 169.50060653686523 78.67393970489502 51.87151336669922
E 168.46071434020996 77.8571424484253 51.92360019683838
E 171.79700088500977 80.41407108306885 51.97855734825134
D 66.87848472595215 85.6098108291626 51.979275941848755
E 173.46424293518066 83.6666669845581 52.02884006500244
E 175.2478313446045 80.9714994430542 52.088170528411865
E 171.0405101776123 78.2604169845581 52.14707803726196
E 169.9543857574463 79.3567247390747 52.20397138595581
E 168.7034397125244 75.80545711517334 52.26266694068909
D 64.05816459655762 82.46756172180176 52.32166051864624
E 169.35690307617188 77.14927005767822 52.32220435142517
E 176.46088981628418 81.77376651763916 52.37613558769226
D 70.80937576293945 87.26354122161865 52.376708030700684
E 170.14029121398926 78.88327693939209 52.47960591316223
E 173.55228805541992 82.21568584442139 52.53414583206177
E 171.33211708068848 78.81386852264404 52.59101843833923
E 171.21022033691406 77.96051120758057 52.646814584732056
E 170.94880867004395 80.95595264434814 52.70653295516968
E 169.95878791809082 78.00969696044922 52.77146315574646
E 167.73801612854004 77.18840599060059 52.82454872131348
E 170.65323638916016 77.9548225402832 52.881913900375366
E 165.7287940979004 76.66427707672119 52.935548543930054
D 60.80866050720215 81.97381687164307 52.9361777305603
D 69.38769149780273 86.66461563110352 52.99236702919006
E 174.4532871246338 79.99307918548584 52.99307608604431
E 173.37412643432617 81.8426570892334 53.05108046531677
E 175.71347045898438 85.99543380737305 53.105021953582764
D 70.76380348205566 91.02147197723389 53.10555696487427
E 174.30583000183105 84.39163875579834 53.15570378303528
E 172.6990737915039 81.02661991119385 53.22162103652954
D 67.68124961853027 85.71666622161865 53.22228455543518
E 170.49390983581543 78.06422996520996 53.291013956069946
E 168.9630832672119 76.35613441467285 53.349037408828735
D 63.580284118652344 81.71646308898926 53.349581241607666
E 172.63030242919922 84.6109094619751 53.409167528152466
D 67.23976516723633 89.73001956939697 53.40968990325928
E 173.04304695129395 78.83002185821533 53.52160453796387
E 172.71217346191406 78.57224082946777 53.585386753082275
E 173.6168327331543 83.31450748443604 53.637104511260986
E 172.68693733215332 80.48648643493652 53.70335817337036
E 170.84459495544434 80.25337791442871 53.758156538009644
E 173.56850051879883 84.18230819702148 53.809447288513184
D 68.81549453735352 89.11824703216553 53.81009221076965
E 170.63026237487793 79.46302604675293 53.866835832595825
E 173.67926597595215 77.32875156402588 53.92273426055908
E 170.98972511291504 77.85388088226318 53.97956824302673
E 168.7858715057373 75.47461414337158 54.03771638870239
E 172.9113483428955 78.49763584136963 54.0932731628418
E 172.4285717010498 78.89682579040527 54.15028262138367
E 172.15587615966797 80.58033561706543 54.2102746963501
D 66.64434242248535 88.06697463989258 54.210951805114746
E 174.67018699645996 79.75586891174316 54.27333855628967
E 169.75906372070312 76.83859634399414 54.3399019241333
E 174.80891799926758 81.3503189086914 54.39891743659973
D 69.18060111999512 86.62095832824707 54.39955687522888
E 171.58589363098145 78.09670066833496 54.46533441543579
D 67.51602554321289 88.4059829711914 54.533533573150635
E 172.817777633667 83.64000034332275 54.53406834602356
D 67.2177906036377 85.52249526977539 54.59032702445984
E 172.85076332092285 80.1067533493042 54.590964555740356
E 177.31508445739746 79.46715354919434 54.657026290893555
D 72.27200698852539 84.78931713104248 54.657713890075684
D 67.63731002807617 86.87689399719238 54.71449303627014
E 173.15107917785645 80.42925643920898 54.71509003639221
E 173.4516830444336 83.68403911590576 54.76615238189697
E 173.3399772644043 83.655592918396 54.81573557853699
D 68.85699272155762 88.55099868774414 54.81637239456177
E 174.4251708984375 81.99546527862549 54.866873025894165
E 176.46853065490723 84.02564144134521 54.92026710510254
E 172.60181617736816 83.03501987457275 54.97305464744568
E 177.57785415649414 81.68166065216064 55.02313828468323
E 172.83390998840332 80.18800449371338 55.07927680015564
D 65.7138557434082 83.25200843811035 55.13542413711548
E 170.9144744873047 79.24671077728271 55.13619089126587
D 65.52988815307617 83.09929084777832 55.189680099487305
E 170.46350288391113 78.18613147735596 55.19020199775696
E 171.46643829345703 79.55858898162842 55.247394323349
E 168.18379020690918 76.06392669677734 55.31510591506958
D 62.63016319274902 81.83477401733398 55.3157958984375
E 175.29398918151855 79.1650276184082 55.37333941459656
E 171.0780372619629 79.25752544403076 55.426735401153564
D 66.03397560119629 85.8016529083252 55.42747902870178
E 171.34478759765625 79.1179838180542 55.48154425621033
D 66.62804794311523 84.29573154449463 55.48217582702637
E 169.7034397125244 77.79833889007568 55.54169821739197
E 167.98571395874023 74.54404735565186 55.59564661979675
D 63.25312423706055 80.30000019073486 55.5963237285614
E 170.7376651763916 76.4717206954956 55.652634620666504
E 173.53592491149902 79.58539485931396 55.70754384994507
D 68.93621444702148 85.16769504547119 55.70814371109009
E 170.56419372558594 78.15312099456787 55.76647090911865
E 173.68524932861328 78.09872245788574 55.82173490524292
E 169.16107368469238 74.88590621948242 55.88157939910889
D 64.18379974365234 80.15472507476807 55.88218808174133
E 170.41007232666016 77.14508438110352 55.948583364486694
E 168.50754928588867 77.61207866668701 56.00217580795288
D 63.737653732299805 82.81481456756592 56.00273108482361
E 169.5647792816162 79.99874210357666 56.05980730056763
E 174.24284172058105 82.45589923858643 56.1143684387207
E 171.16612815856934 76.31930923461914 56.171557903289795
D 66.13183212280273 82.41479110717773 56.1722366809845
E 175.45973205566406 80.0961971282959 56.22953152656555
E 169.79395866394043 79.18230819702148 56.281503677368164
E 172.2611312866211 74.83995151519775 56.341617584228516
E 169.82305908203125 75.77168941497803 56.39655923843384
D 64.98550796508789 79.81055927276611 56.39730954170227
E 172.2295265197754 78.1637830734253 56.45536994934082
E 171.6042366027832 78.43701267242432 56.513405084609985
E 172.15273094177246 78.19175052642822 56.57109999656677
D 70.47982406616211 88.54473686218262 56.62714219093323
E 174.76174545288086 83.03579425811768 56.62797427177429
E 169.8419361114502 76.15053749084473 56.6839497089386
D 65.33230209350586 81.75232219696045 56.68466925621033
E 170.86170196533203 76.89598083496094 56.740525245666504
E 169.80242919921875 76.36423873901367 56.79497694969177
E 175.96785736083984 83.0654764175415 56.854095697402954
E 173.88775444030762 79.09750556945801 56.908936738967896
E 180.59754753112793 81.3701229095459 56.96016979217529
E 172.26601600646973 80.13463592529297 57.014228105545044
E 177.23825454711914 84.19463062286377 57.06800198554993
E 172.28214263916016 85.70119094848633 57.11756896972656
E 173.7276840209961 82.43615818023682 57.21253037452698
E 176.5774803161621 82.93533992767334 57.27531576156616
E 173.96715354919434 83.86009693145752 57.33930015563965
D 68.55864143371582 88.38065814971924 57.340001583099365
E 176.17178535461426 84.14789485931396 57.38955354690552
D 70.72961807250977 88.5490198135376 57.39024019241333
E 177.37261581420898 84.08529758453369 57.45277404785156
E 173.06944465637207 79.24679470062256 57.50804543495178
E 177.78777694702148 84.32999992370605 57.558040142059326
D 72.08565521240234 89.10835933685303 57.55875587463379
E 177.78153228759766 81.71734237670898 57.61510920524597
E 173.74305534362793 79.1145830154419 57.66875886917114
D 70.00411605834961 87.80555534362793 57.72674298286438
E 175.7315444946289 83.31543636322021 57.72743201255798
E 178.20045852661133 82.57044696807861 57.786865234375
D 72.99215698242188 87.67451000213623 57.78756880760193
E 173.3040542602539 81.27702713012695 57.84224534034729
E 177.33547019958496 83.6452989578247 57.899609088897705
E 181.42465782165527 85.85273933410645 57.95346212387085
E 178.8004608154297 83.38984966278076 58.02161502838135
E 172.6666660308838 79.83112621307373 58.0758855342865
D 66.97070693969727 84.14747428894043 58.076493978500366
E 176.7149429321289 80.89999961853027 58.135058879852295
D 70.98935127258301 85.45367431640625 58.135663986206055
E 177.16497230529785 82.83276844024658 58.193570375442505
E 177.32758712768555 80.91379356384277 58.25976037979126
E 174.86666679382324 79.92839527130127 58.31707715988159
E 179.12528038024902 83.1017894744873 58.38689970970154
E 179.5771141052246 84.97885608673096 58.44345140457153
D 74.18201065063477 89.07724857330322 58.44407534599304
D 73.02320671081543 86.91139221191406 58.504043102264404
E 178.1354160308838 82.35000038146973 58.50475811958313
E 177.95000076293945 83.8630952835083 58.560768604278564
E 175.14842796325684 80.72201251983643 58.625128984451294
E 181.59717750549316 84.26492977142334 58.680954456329346
E 177.7169589996338 85.20233917236328 58.735450744628906
E 177.30219078063965 82.50749683380127 58.787288427352905
E 177.86407852172852 83.59762668609619 58.835001945495605
E 176.0734462738037 82.82937812805176 58.90662360191345
D 72.4832763671875 86.4590539932251 58.96377491950989
E 178.06418991088867 82.31756782531738 58.96455645561218
E 180.00232315063477 83.6074333190918 59.02000188827515
E 181.87867736816406 82.6740198135376 59.075172662734985
D 76.14095306396484 87.66476154327393 59.075843334198
D 69.84470748901367 82.80019760131836 59.14029502868652
E 175.72758674621582 78.34137916564941 59.14080452919006
E 178.61968612670898 83.6588363647461 59.195826053619385
E 177.09489822387695 81.97746181488037 59.262431144714355
E 181.6839084625244 82.56551742553711 59.315804958343506
D 74.1993465423584 87.55882358551025 59.37143635749817
E 179.40780067443848 82.67139434814453 59.37211871147156
D 74.63207626342773 87.95283031463623 59.42850041389465
E 179.44483947753906 84.04744911193848 59.42916464805603
E 180.3841609954834 83.8297872543335 59.48115396499634
D 74.45356750488281 88.57575798034668 59.53339910507202
E 179.58955192565918 84.74378108978271 59.59182333946228
E 178.71125984191895 82.12151622772217 59.64666533470154
D 73.37175178527832 87.43276882171631 59.64743185043335
D 73.94426918029785 86.81913757324219 59.70204472541809
E 178.9930076599121 82.51631736755371 59.702738523483276
E 179.72360610961914 85.1174373626709 59.751795053482056
D 74.58817481994629 89.98674774169922 59.752442359924316
E 178.0108699798584 83.99396133422852 59.807026863098145
D 73.19122314453125 88.01567363739014 59.80771780014038
E 179.99518585205078 80.91215419769287 59.86720538139343
E 179.48675537109375 82.56070613861084 59.92085862159729
D 74.70729637145996 87.78689861297607 59.97277045249939
E 180.43285369873047 82.14268589019775 59.97330045700073
E 181.49044609069824 85.63057327270508 60.02286338806152
D 76.29888343811035 89.95251369476318 60.02355408668518
E 176.7111110687256 81.0678358078003 60.08248472213745
D 72.10182189941406 85.32797431945801 60.08301115036011
E 177.9357147216797 81.74166679382324 60.14005947113037
D 73.1439151763916 85.9259262084961 60.14064598083496
E 174.03333282470703 80.79259300231934 60.19730019569397
E 178.6535243988037 80.84109878540039 60.25609540939331
E 177.71151542663574 84.86909103393555 60.30501389503479
E 174.3702335357666 81.38253402709961 60.363213539123535
E 172.00551795959473 80.69536399841309 60.418434858322144
D 67.74014854431152 84.47497367858887 60.419105529785156
E 176.70162391662598 81.9350814819336 60.47433304786682
E 174.33916091918945 80.07925415039062 60.53020262718201
D 69.12054443359375 83.02096462249756 60.530924558639526
E 176.6230869293213 85.447585105896 60.583653688430786
E 175.51953125 82.0208330154419 60.63749814033508
D 70.7272720336914 85.91414165496826 60.63805270195007
E 177.82413864135742 79.66896533966064 60.69187259674072
D 73.24921417236328 87.59355354309082 60.692566871643066
E 173.21393013000488 83.12810897827148 60.74939298629761
E 175.81545639038086 82.95732402801514 60.80372929573059
E 172.77407455444336 79.87407398223877 60.86450409889221
E 175.78014183044434 80.98699760437012 60.91917634010315
E 177.02611923217773 83.9141788482666 60.97370791435242
E 176.01415634155273 83.80437564849854 61.0294623374939
D 71.77154731750488 86.82139110565186 61.030099868774414
E 174.3605194091797 83.63829803466797 61.08677649497986
E 178.94207954406738 85.00236415863037 61.13734555244446
D 74.02042961120605 88.6709680557251 61.1380500793457
E 178.4226188659668 83.60476207733154 61.199015855789185
E 177.94117736816406 82.62200450897217 61.25770449638367
E 175.5239772796631 79.62456130981445 61.32631206512451
E 173.4646110534668 83.40182685852051 61.3898389339447
D 68.0085277557373 89.10232543945312 61.390416860580444
D 69.67748260498047 86.29301834106445 61.44644737243652
E 174.70601081848145 82.38579273223877 61.447107553482056
E 175.74847412109375 82.65201473236084 61.501587867736816
D 70.61403465270996 86.61988258361816 61.50223922729492
E 175.54079246520996 83.52913761138916 61.552884101867676
E 174.06625938415527 83.67686080932617 61.615962505340576
D 68.97541809082031 85.4346113204956 61.67457866668701
E 174.19680213928223 80.83763790130615 61.6752564907074
E 170.01773071289062 78.99054336547852 61.742714405059814
D 64.74881935119629 83.16619491577148 61.7435097694397
D 70.0287036895752 87.24259281158447 61.81329035758972
E 175.1162509918213 83.06880187988281 61.81407880783081
D 66.46804237365723 86.60570335388184 61.88463759422302
E 171.55128288269043 82.92307662963867 61.88526129722595
E 177.38156509399414 84.29046058654785 61.9353985786438
D 72.83589744567871 86.96512794494629 61.936174392700195
E 175.9367389678955 84.47566890716553 61.98659706115723
D 70.43403816223145 88.49043273925781 61.9873583316803
E 175.48239517211914 81.69718265533447 62.058188915252686
D 70.85655403137207 85.10732746124268 62.05883169174194
E 171.37675666809082 81.7279691696167 62.11885356903076
E 175.19303703308105 81.3354434967041 62.17833065986633
D 70.1510238647461 85.66450881958008 62.17903113365173
E 178.57008171081543 84.12131881713867 62.234312534332275
D 73.14583396911621 87.8839282989502 62.234983682632446
E 178.26315879821777 84.34868431091309 62.29772591590881
D 73.5508975982666 87.06586837768555 62.29839468002319
E 175.09039497375488 82.81242942810059 62.358078479766846
D 70.34910583496094 87.42166137695312 62.35881781578064
E 176.7274932861328 82.46836948394775 62.41455101966858
D 71.03571510314941 87.22294330596924 62.415395975112915
D 74.21257400512695 90.74251461029053 62.46916937828064
E 173.09783935546875 83.17519950866699 62.52046847343445
D 68.70845985412598 86.9439344406128 62.52132558822632
E 177.21627616882324 82.68784809112549 62.58756446838379
D 71.47424697875977 85.75607395172119 62.58811545372009
E 175.53025245666504 83.11991214752197 62.640522718429565
D 70.7559700012207 87.53374862670898 62.64122557640076
E 176.65463256835938 81.98435592651367 62.69521474838257
E 175.60637092590332 82.47326469421387 62.74845623970032
E 178.01243019104004 86.25536727905273 62.812520265579224
E 175.2775764465332 83.01454544067383 62.884875535964966
D 72.5 87.36666679382324 62.948715925216675
E 177.32855415344238 82.74193572998047 62.94942569732666
E 174.66437530517578 83.35624313354492 63.00282096862793
E 174.3381290435791 83.92326164245605 63.06080079078674
D 69.19806671142578 87.75458908081055 63.061503887176514
E 169.03284645080566 78.59245777130127 63.116947889328
D 64.48585891723633 81.7151517868042 63.11746001243591
E 171.7262306213379 81.20045852661133 63.171380043029785
D 66.83870887756348 86.23904037475586 63.172035455703735
E 179.1810245513916 84.53807735443115 63.221986293792725
E 175.42082023620605 81.23698806762695 63.2832453250885
E 179.0254783630371 81.52760124206543 63.34872889518738
E 178.4936122894287 83.34727096557617 63.45573663711548
E 176.435396194458 79.19326782226562 63.51192045211792
D 72.04055404663086 82.58852577209473 63.51253628730774
D 72.49019622802734 86.55830764770508 63.563477993011475
E 177.89726066589355 83.47374439239502 63.56404995918274
D 71.77849388122559 86.28387069702148 63.61871004104614
E 177.1660614013672 82.60606098175049 63.61941838264465
E 180.4314422607422 87.31914901733398 63.66959261894226
D 75.74895858764648 90.47083377838135 63.6701819896698
E 172.40876007080078 80.51824855804443 63.734999656677246
D 67.60534286499023 84.77546977996826 63.735710859298706
D 72.6530990600586 87.76647281646729 63.78510570526123
E 177.51111030578613 84.25925922393799 63.78573751449585
E 172.0740737915039 80.15453338623047 63.836570024490356
E 170.70581245422363 77.48991680145264 63.89775347709656
D 66.38475799560547 80.73829174041748 63.89836311340332
E 172.5238094329834 79.23571395874023 63.957448959350586
D 68.7057056427002 83.73373413085938 63.958211183547974
E 175.65073585510254 79.33823490142822 64.01820993423462
D 71.06060791015625 82.71818161010742 64.0189061164856
E 172.91636848449707 79.29510116577148 64.07605028152466
D 68.3385238647461 83.98650074005127 64.0766327381134
E 177.96785736083984 82.33571434020996 64.13319540023804
D 73.6698226928711 86.2124080657959 64.13381457328796
E 175.21750259399414 82.9395112991333 64.18916249275208
E 172.18533325195312 79.1493330001831 64.24563336372375
D 67.47286796569824 83.3898115158081 64.24633598327637
D 68.1311264038086 82.45955848693848 64.30110311508179
E 172.78073501586914 78.24461364746094 64.30169320106506
E 173.96368408203125 80.6861219406128 64.36149716377258
E 180.58794593811035 86.84624862670898 64.40908193588257
D 76.43437576293945 91.65520858764648 64.40985417366028
D 66.88457298278809 82.96440124511719 64.47796535491943
E 171.78703689575195 78.89153480529785 64.4785795211792
E 178.11345100402832 84.20818710327148 64.53044152259827
D 73.1772403717041 89.33031177520752 64.53121900558472
E 182.81997680664062 85.17537784576416 64.58739161491394
D 77.73584938049316 90.55345916748047 64.58808588981628
E 180.70676612854004 85.01002502441406 64.64080119132996
D 76.86969757080078 88.9212121963501 64.74673843383789
E 181.36742401123047 84.54545497894287 64.74755644798279
E 180.3518524169922 79.5160493850708 64.80939221382141
D 75.96583938598633 85.04347801208496 64.81017398834229
E 175.81214141845703 78.45589923858643 64.87573003768921
D 71.78181838989258 82.74242401123047 64.8765172958374
E 177.3248176574707 77.58150863647461 64.93313717842102
D 72.60465049743652 82.63275146484375 64.93383741378784
E 183.08888816833496 81.74385929107666 64.98673963546753
D 78.96969604492188 85.79090881347656 64.98746657371521
E 177.14676666259766 81.92412948608398 65.04879379272461
D 73.15983200073242 85.88117790222168 65.04952669143677
E 180.75490188598633 83.84926509857178 65.10154843330383
D 74.67738342285156 84.97106075286865 65.15369987487793
E 179.30935287475586 81.85731410980225 65.15437889099121
E 177.0 81.99322509765625 65.25982546806335
D 72.59076881408691 86.95179462432861 65.26038193702698
E 179.34701538085938 83.65547275543213 65.31501388549805
E 179.0116958618164 82.87251472473145 65.36260557174683
D 70.14374923706055 85.34687519073486 65.41762518882751
E 174.39455795288086 81.04648494720459 65.41831922531128
E 177.67808151245117 82.75684928894043 65.4782600402832
E 180.9239959716797 86.93159580230713 65.53418684005737
E 177.0762233734131 81.22298049926758 65.58926582336426
E 177.16947174072266 81.63187408447266 65.65453600883484
E 177.37074851989746 81.01587295532227 65.71041178703308
E 177.17429161071777 81.61002159118652 65.7640814781189
E 178.62025260925293 83.29324913024902 65.8197648525238
E 181.90996742248535 86.4555196762085 65.87524819374084
E 176.8701877593994 81.58195781707764 65.93895196914673
E 183.5 85.46859931945801 65.99429965019226
E 177.37962913513184 80.69560146331787 66.04858589172363
E 185.8665428161621 87.11779403686523 66.14190673828125
E 187.78260803222656 89.87741565704346 66.2329478263855
D 60.14035129547119 95.6666669845581 66.28321123123169