186.44686712722003
121.1463748650264
116.78232804374754
121.62414257657849
218.33154987043963
192.6626751575111
126.69508138820888
183.5122144462117
218.37836843466528
221.38811758543383
212.6791643966862
213.98819787859654
226.13096162123665
201.69730525936336
126.59142253620041
113.50440520085553
122.27334034625892
124.28725294491232
148.96757131795073
222.95221935454086
195.63298750022923
115.54427873348988
183.26281591867868
197.73877005370608
109.53529374987464
116.48119732216651
107.33010572732333
113.28590975122262
107.55982469706329
198.94908133542037
125.02499750049988
114.373930341788
184.81821500034982
181.58941466066233
185.47879251894827
212.93743180465896
209.51173820974935
202.10517064142618
205.38261980054517
223.02396016303345
209.66779117991766
219.8339972509937
208.22519180197827
211.93255834071368
211.13331737300547
210.57142804356135
213.02582003128165
207.62822087074292
200.36193008250922
213.32428366222163
215.6880687289173
212.08229685473555
209.89342533771753
199.59238785940556
214.16625120187007
206.7658919007271
199.0433164301136
208.9359949841099
200.46158007932198
211.00809465435566
224.26381845752195
211.73011016668212
215.09492327420034
200.48230139213763
213.9528393649924
209.1419529493274
214.916161112737
206.09083570437264
213.3253752332311
206.6483692960233
177.5251756102023
212.74384300610868
213.70968152056298
207.1382388647736
206.11296590829113
206.66428643991154
211.06288360035998
210.2216188221717
204.98924808497952
206.8846296852427
211.29552126390442
206.4989324505887
186.55984329124746
176.52000848954822
189.85177483045814
181.73194545813897
183.87404836465836
108.14746704304815
111.13072862187988
190.18353539159628
191.87112191959784
122.27414423815853
201.43154024175655
123.3197885684337
204.75208702289913
227.19059749107237
220.238507078122
213.7334203349013
128.1788602936562
234.75178583635895
118.00564804204542
122.66571413676523
112.4492177723051
119.96030357167214
113.17713892574744
120.30796225506217
122.22253908129096
118.58218455603318
121.32504819794597
118.30264108513417
126.3781614673411
123.26640285312817
223.6438119939534
121.48539451505297
201.73440733983261
194.68230062746795
119.55048079950214
119.56459346055074
120.76553134234464
115.03812005482811
115.25407057528489
114.91860413217577
107.42189753271498
111.61539358146402
112.87542849409584
115.38415836247758
115.97446310862513
112.28999349263054
114.64931265086307
107.1006445742019
123.19607545537443
112.88280655008931
107.17459833294522
112.04573299034165
111.63109089047022
111.62507673495423
104.66211487716829
107.49959050111894
115.16877963742465
114.50155705856854
108.85522015008621
114.98088325009333
115.48972953997183
104.62312389012641
107.23307227504203
104.93589808580553
112.56042220980801
105.36718524340503
113.06923574173776
107.89993073853617
107.75251305009883
109.2220013438413
106.40802339744441
106.43875181902033
102.365584373373
109.05684475209257
111.70081825013537
120.33437169207303
112.68625914201316
105.05066499329415
109.01764089121326
105.9408528860851
103.81237394885115
115.00500684187391
103.98983029099864
114.13467439197926
104.49931140076829
114.81698163054183
111.90948626970048
114.31450210051904
110.92690523310424
107.44144049845548
106.75604230596801
203.25649953097715
115.00683544903238
110.1929793753133
107.0642625073784
114.55807384125544
111.72116907044922
107.01057042245415
103.24219716262165
112.4400766693658
108.03789385577275
119.97045538325885
114.44437327902982
106.50608599586023
107.73511209463055
111.91567703010911
110.32486006706829
108.48784606849647
107.8617151973971
119.03225603034942
108.26978605682454
120.35841641003212
115.97056071018551
101.00611407567465
114.71535389920871
111.28943873333128
113.24176171431486
107.23108493947613
115.37459647383703
118.63538961115535
110.21691102181161
105.73846943010297
106.64979351302709
117.06347566933731
119.9932055745639
109.01304786009655
104.57680809157578
101.9498987394484
109.0635857012732
107.93050506994715
109.53159013272757
111.62236665046873
111.16134595713851
113.7873816908954
120.75299121076405
105.46626325721842
113.98912111523636
117.93888797123913
116.2963846325186
110.67418971603686
111.40415924163352
111.41426002693872
117.76999233481014
109.0838263662254
108.43547079589962
118.7792973139919
116.15604387978547
118.3377755614541
109.85091829423742
114.99395974340572
113.70234474356977
111.01540727809247
110.73469397258397
116.36147999381612
113.02233984930133
116.36478315935909
115.79407855137278
111.62642746271754
107.39477339894852
107.6455091829985
119.66096960378844
101.09178641864753
105.08890160419658
107.6195951682026
113.62060005062432
108.87269809484336
102.31654117951042
119.31136790020854
111.53808064289657
109.24341849669362
116.25419565084958
114.98905453786067
116.32912184188412
111.19215896990605
111.49897010559273
110.36777007296801
114.65479018765106
118.0762113937897
107.79937410088948
118.47530313971261
199.6529037619448
214.2884379578758
112.69345071815604
113.94334920516533
116.82715531858085
121.9464333834626
111.94112088485782
115.88737193772113
116.22648465316072
117.4185345450991
117.08826113745887
118.13526535374459
108.49260475174701
118.85426534084097
117.87718075821215
113.41549695757254
116.75614740431247
119.49745271196332
111.70772320537854
109.9703583015229
122.72223333643579
105.43833636555586
119.52803531353962
112.10763890364747
128.62875727401828
117.11644213987671
119.8531271244086
124.87276339056214
114.153858882691
113.91956629743581
109.33686930054994
118.06900811447906
124.13468553197048
121.37822254065044
123.5093796069848
115.66362927467036
110.57206728898743
124.13917783529457
116.30974809538021
103.85169226113895
119.35566377079391
121.27029717884248
108.63355835099944
115.59555421224717
117.63160771391095
120.16057309120532
113.88422697118607
110.65102647491862
123.73673834066228
123.22904818142305
120.26799887734181
129.82967719230544
119.37648005347465
123.70444381906604
129.5569372901351
114.62648554571686
216.7185891637767
190.78663195383348
119.75201020773461
116.7855796426239
216.42087158326822
114.10264652515191
113.62049051270395
196.77895990256755
110.51705700591486
117.63072166820544
197.46833126469318
108.35258156073508
112.36799692842648
116.11269130283446
196.23250132522378
116.25886465485024
199.2090476690378
200.05967759879692
119.07859208080926
109.53547396938681
196.71397769893667
110.74582202715708
192.2501034708081
107.68964452667996
114.5393428579702
114.39624525175486
115.88700951976568
111.93856864911106
211.20816645620903
125.29311638060258
116.69696302949552
122.01644072972047
124.91952237017571
121.7541069493109
118.99697513474787
118.44417579756373
125.60963202986677
121.21541147375784
120.51895160203615
121.43974174424669
113.53272600225365
121.33223027682091
125.12409066446124
122.74105066616384
118.24071210612719
128.46838276475694
125.45127940541947
117.39766496762954
121.80521603714102
118.822444757483
121.79766102166884
104.59037204868449
117.68529443013733
114.13471459326952
122.56060065255883
115.88183872078119
113.03132537756288
113.97837698120601
116.4176664905763
124.9848236545589
116.05595782258362
126.13147511068203
114.36725744880754
113.05775431966397
118.56920499736876
117.19715275364707
117.81763153130309
120.88728403289727
125.32627716595684
126.37219873621139
124.11611205383288
116.01725398243335
124.77691587214089
126.30410023325446
117.76517647870057
119.64443228475766
125.17380673309691
125.7614007142979
110.50116568573969
118.30065151995406
118.5395313474772
128.01865810120802
114.89531508346741
126.60061942341646
115.71407411442834
121.48493839656801
123.67106398155403
115.63698626161232
118.50464104498111
120.77877047464193
122.59491817253716
125.78288969918891
129.84018592314726
120.22071216991826
124.8144266074963
124.47181289938001
129.4422060830589
113.55996872869414
121.01981546864945
119.04718969046812
127.94735375737227
124.1735806210773
114.30288802937815
120.37699509959938
129.61615186922666
123.46598988725212
122.69036070506215
128.61357175950096
123.81912732900447
118.97297352897641
126.22401412218723
130.99407353620558
121.07202595526385
118.7656198470061
131.11912952620324
125.9308968779765
121.63591416719309
122.1660892045618
121.97472693804704
116.36840423193051
121.25377745284875
125.40333486177187
126.8784489291147
129.29433779816887
122.4150753862845
104.76110130794748
123.5552503184064
101.28442073009298
123.99269203752867
102.18247021185229
105.96891812104195
116.48012347575916
116.76055242303387
132.68480348768063
121.11175918553951
119.59052009603126