7.500032424926758   114.28001375258263
7.640936374664307   112.84582333904756
7.876315355300903   108.10976917864888
8.401119470596313   111.07688951938333
8.486416816711426   101.91658835620747
8.559409618377686   104.8725034073273
8.709088563919067   121.12767115565725
8.79085636138916   122.02713801359823
8.873544931411743   116.82932145870802
8.945903301239014   128.21975199928002
9.021916151046753   127.67589937059729
9.194390535354614   120.36674477371888
9.277215480804443   115.91657306302835
9.35515284538269   122.63574298148026
9.425796508789062   117.51736684780342
9.499080419540405   117.92996181200958
9.578383445739746   125.49843003607504
9.657293558120728   120.731892750576
9.734071254730225   126.68426434809237
9.81137204170227   120.0833816042289
9.890169858932495   125.82142506330838
9.96327805519104   112.69218402762135
10.042521715164185   113.10618604118784
10.119358777999878   113.96295877637598
10.19950246810913   116.33144983249703
10.27335500717163   114.74415377435392
10.353869676589966   117.16926915867644
10.43505573272705   122.03792535959631
10.507561683654785   119.40600044201277
10.576385974884033   117.88406907939637
10.655057191848755   117.28239143394505
10.724265813827515   115.82686351036124
10.800322771072388   120.05214113306445
10.951984882354736   114.09416672612325
11.092169046401978   117.52059310282931
11.177279472351074   104.07065220255453
11.33167839050293   116.99464035497071
11.41044545173645   107.71941471104054
11.484914302825928   112.97143476866644
11.560469388961792   119.73334957124091
11.633727550506592   121.07908561735564
11.707348346710205   116.67766267969692
11.777348279953003   113.2221031624254
11.852691173553467   111.5691320652485
11.94132113456726   114.91860186008913
12.037255764007568   115.57193680116214
12.115861177444458   114.04530497036083
12.191319465637207   123.73089018084792
12.265683650970459   110.3385639382305
12.335868835449219   110.57954558196204
12.408905982971191   110.41128575320492
12.493385791778564   115.31682746635659
12.58287262916565   112.12963257771395
12.663032293319702   113.06762058317659
12.737847328186035   109.20727886288945
12.818782806396484   113.11456772681977
12.900667190551758   113.3031456736061
13.058681011199951   113.34986983784403
13.131108283996582   111.27542114907143
13.210695743560791   120.32858378108908
13.2812020778656   118.07215080087965
13.430108547210693   115.25997654038385
13.509377002716064   119.30815873182411
13.510602474212646   110.74583798171332
13.591938734054565   119.61716614008613
13.66922402381897   108.93000062746839
13.739129066467285   112.03709679385402
13.814773082733154   119.09467998353604
13.882679462432861   113.29096064250008
13.959403276443481   111.61839552392043
14.031364440917969   105.63389802464596
14.111891746520996   117.60007830227958
14.193029880523682   112.26143938297214
14.261937856674194   124.72729515927792
14.33881688117981   114.60076333651699
14.40875506401062   113.87598806886795
14.565594673156738   114.99406476431572
14.639155626296997   115.91579750655977
14.712982416152954   113.01931691351956
14.788084030151367   112.03908098303437
14.867004632949829   119.27591261019045
15.037338256835938   112.71359331933554
15.129515886306763   118.88117009861067
15.214849948883057   116.97974999830578
15.315367937088013   118.63848409885466
15.395570993423462   116.28763937254723
15.471337080001831   110.70720256504734
15.549142837524414   109.96767422976531
15.62494945526123   110.29131215079784
15.698377132415771   115.56591341344222
15.771450996398926   115.04256365944858
15.839136362075806   118.70100343385812
15.90719723701477   106.84816373404509
16.05652165412903   114.13237867242604
16.12869620323181   118.56314988098568
16.208313941955566   114.6601442035427
16.286200046539307   111.7997741588361
16.356403589248657   111.2866446391542
16.43229389190674   117.23678185910308
16.504175662994385   116.19970156731411
16.57454514503479   114.57802440352317
16.649612188339233   115.6155287277076
16.803423643112183   111.11286333359068
16.874179363250732   112.28042903046033
16.94501781463623   116.9766468542103
17.032458782196045   108.38632028759855
17.140494346618652   115.45585512471906
17.241721153259277   114.75375422800136
17.34553074836731   115.21730759535342
17.428182363510132   109.1206603424976
17.512686252593994   105.95195241045504
17.587088108062744   106.80608755623341
17.83986735343933   110.8778466646575
17.915320873260498   108.16671822482283
17.985133409500122   113.69880437801085
18.059476137161255   112.32710378925292
18.150524377822876   111.6091663366701
18.22652578353882   110.74898656109728
18.294703483581543   117.81172429217477
18.366403818130493   114.22672402588734
18.446398973464966   114.2914200049549
18.5227153301239   106.93122354756895
18.6062753200531   114.68153386753038
18.76028275489807   108.84413176874605
18.837186098098755   109.06576582119921
18.90765118598938   108.23689206001092
18.98077702522278   106.85217836540936
19.063467025756836   103.12991115337461
19.162638425827026   105.70047408452217
19.236498594284058   102.34567833291418
19.319061040878296   104.49425372434116
19.51960515975952   103.08770724682536
19.596550941467285   102.77191211456478
19.67206621170044   98.62002314267292
19.747007846832275   101.18736725465843
19.816564798355103   96.94327695389234
19.96130394935608   98.18517004673244
20.02302122116089   107.0884382089399
20.103732347488403   99.90955406638342
20.172876834869385   102.65512487457333
20.236281394958496   89.41403847416895
20.314573526382446   94.77224435742282
20.386271476745605   100.86615711824776
20.46227264404297   93.33102046710844
20.529916286468506   100.48350586903176
20.606735467910767   98.29733777712516
20.684409618377686   97.17020322519153
20.760854482650757   102.2655018666129
20.839555263519287   98.94645788511818
20.911684036254883   107.84998074715558
20.98180079460144   104.96296736465236
21.06108546257019   97.87822363007609
21.134012460708618   105.22562714962298
21.28899073600769   99.62153240637603
21.369587182998657   105.4387953825217
21.443334341049194   103.61835676989524
21.741370677947998   94.4796747938456
22.171202421188354   108.0446490544851
22.244001150131226   105.8335661024084
22.323524951934814   105.60279954241908
22.471458911895752   109.40595519983722
22.541967153549194   115.35308196169709
22.689087629318237   110.29532384762499
22.763288259506226   119.11593958116892
22.83226442337036   112.95471654370992
22.978278636932373   113.0065152672376
23.12584900856018   111.6405576952311
23.19596266746521   109.35868140594877
23.274938344955444   107.72932007923258
23.34867572784424   110.96739951907253
23.415377378463745   107.86434786034042
23.489824533462524   105.04884213651519
23.55101227760315   104.04663369233295
23.620896100997925   110.18694282737185
23.69593572616577   106.27694786278957
23.775121212005615   107.60217261297224
23.843356370925903   117.20342331339596
23.913302659988403   112.09964332385678
23.998573303222656   111.63058600864086
24.077064275741577   107.81875173871899
24.155640125274658   102.73548933610603
24.247117519378662   103.54495945851426
24.415587186813354   105.2660480484408
24.48927068710327   110.75361604291267
24.562222957611084   105.56501374084505
24.647523641586304   104.64677711323161
24.732744693756104   107.05153639896977
24.803045749664307   104.86233578602592
24.888588666915894   101.96112725467236
24.958613634109497   98.90471021484744
25.042315244674683   110.69462780545169
25.184382915496826   109.15989608031624
25.327621459960938   106.92842988715945
25.327832221984863   95.64784831505962
25.6316020488739   87.4264817685879
25.784353971481323   98.80508441608191
25.86174249649048   108.51339493340163
25.931259870529175   109.41665525772409
26.005980253219604   113.04327679446328
26.088605880737305   106.61202464898312
26.16321563720703   103.64696268134279
26.23852252960205   104.67827273482611
26.32576608657837   103.51747892422839
26.406482934951782   108.12364440613405
26.482430934906006   104.29912259983992
26.555732250213623   113.27459749229544
26.629729986190796   110.05632011640392
26.70100712776184   100.29425655481492
26.779452800750732   105.13703038462106
26.851752758026123   111.79161751605928
26.92417883872986   111.35263415017054
26.995984077453613   110.19485706092495
27.06852626800537   103.7822493385147
27.148597955703735   108.71696507010182
27.22313117980957   103.92041269961368
27.298596620559692   103.96465057198733
27.38124942779541   100.95511455974146
27.448142528533936   108.98155332186636
27.522046089172363   108.42495265125002
27.597230195999146   105.99613729192497
27.66806983947754   105.68613869471407
27.74948477745056   109.32896337798492
27.957716703414917   112.5417699197975
28.0937659740448   90.44335243676011
28.52668261528015   109.88741347692216
28.598184823989868   107.02763657138057
28.675251245498657   103.4035961770035
28.745822191238403   102.36874775638101
28.823766946792603   107.24587618475361
28.89756965637207   102.94774518368095
28.97962498664856   107.7816761427368
29.057844400405884   110.20195322010636
29.135377645492554   104.98165762184725
29.28994131088257   102.03482635073391
29.358320951461792   102.25980348399533
29.444411277770996   103.63588917436184
29.52350425720215   100.28479594469773
29.60256814956665   106.2424413822689
29.672310829162598   103.96800375446986
29.743834018707275   109.30580911933282
29.81313729286194   106.34967428011046
29.891255617141724   100.87403251675786
30.038472414016724   102.86690004656658
30.1244215965271   103.15965433966237
30.202285528182983   106.35289304907677
30.277265071868896   103.29934143438247
31.077516317367554   110.3610635895272
31.148057460784912   109.05106368826682
31.227050304412842   107.82871665103656
31.29585075378418   108.66403565313783
31.36831283569336   108.6729493276231
31.450162410736084   108.27232161369186
31.515716552734375   113.77282365376591
31.589105129241943   105.13619095622184
31.660006761550903   104.70962028957987
31.750149726867676   107.41338818290885
31.833157300949097   105.71154485074827
31.898044109344482   110.30995991427625
31.978063344955444   104.61809926732388
32.04979348182678   108.11490599782192
32.12292432785034   107.96765269603245
32.194422245025635   109.21757330477972
32.26707172393799   107.30675214262745
32.33598875999451   109.06838089432372
32.41216063499451   102.59285423969226
32.478631019592285   109.12534745530152
32.550644874572754   101.1300018331068
32.62114906311035   100.05366663238695
32.69555163383484   100.31538193515755
32.77312779426575   103.99862399303535
32.83834433555603   102.58772648295194
32.905715227127075   103.59738053841374
32.973164081573486   111.34520786089112
33.03504514694214   102.46762975895201
33.111263036727905   109.47987638421672
33.24774956703186   104.58642453633915
33.38433790206909   94.76029759091446
33.53060221672058   104.01063618310806
33.60037636756897   99.73266143874238
33.67957925796509   106.89440676570872
33.75650477409363   110.25753891392043
33.82187342643738   113.74366241141583
33.894267320632935   113.05724209391343
33.971028089523315   108.15406549086964
34.04897451400757   110.92068752224297
34.114569902420044   114.70813346732399
34.18484544754028   110.12147903126336
34.26102566719055   111.83740402340126
34.33926796913147   110.39955110093445
34.417096853256226   107.81016778183111
34.4877712726593   110.1529114248196
34.56869339942932   104.85756412942872
34.64591574668884   107.40548357720503
34.70860552787781   115.94748979462338
34.77861523628235   116.41621717370232
34.85695028305054   109.76955116695245
34.92428493499756   111.20413410805642
34.999112129211426   106.23673414575511
35.07811641693115   107.41445677275034
35.14663887023926   113.19903377313811
35.2208468914032   113.84132701181882
35.290627241134644   104.45397637143527
35.36884522438049   112.54833130206792
35.452397108078   111.04173419366364
35.521944522857666   110.99549383678314
35.59540605545044   114.47865071624436
35.739381551742554   110.94872234271853
35.80579352378845   109.68309425137878
35.88100624084473   104.31728722291173
35.952696323394775   103.52680227833645
35.95290517807007   89.54934575182544
36.32692527770996   97.0499151611094
36.46440577507019   105.99966195742483
36.69499659538269   113.3391842178229
36.78029131889343   109.19425262778232
36.86079740524292   117.9509654140322
36.93379354476929   113.87420287079725
37.00671601295471   111.7783241621929
37.081894397735596   119.00642778121332
37.15685224533081   112.89707282274266
37.222691774368286   115.59988614164564
37.29798650741577   113.99856462730159
37.37501645088196   110.78830816715352
37.45193123817444   110.0567911813145
37.516160011291504   108.3481755875953
37.59177756309509   108.46179493641182
37.666940450668335   113.13536861524493
37.74833607673645   113.09845252900007
37.828789710998535   110.52930638153599
37.90686511993408   113.84601543801408
37.978339195251465   109.7569616818012
37.978527784347534   95.32791107729956
38.04728841781616   112.55109195673477
38.12906050682068   111.57459364762171
38.201295375823975   111.59571284683327
38.26934242248535   112.82572504511337
38.35058236122131   117.3898281759734
38.41854763031006   106.99345209449943
38.496917724609375   111.52915551598309
38.56889486312866   111.00738140315849
38.65150427818298   109.19284377421421
38.7232620716095   113.54690644990701
39.165740966796875   111.73777618627427
39.245163679122925   111.13068296081474
39.317400217056274   111.47672970978928
39.393134117126465   114.7619225341517
39.46876549720764   114.02745923502205
39.548956871032715   114.2818341469868
39.62899851799011   106.54394566464478
39.69936966896057   116.87094845410013
39.770463705062866   111.61165336423643
39.84134888648987   116.49676412155503
39.917099952697754   113.24586893349965
39.990949392318726   110.96507434431729
40.07073760032654   111.7044548799634
40.14947819709778   111.5287685566834
40.238115310668945   110.21911107929324
40.319467306137085   107.30954466731072
40.38571357727051   109.04102029729073
40.45626783370972   106.49217398469328
40.52829194068909   112.20747332291522
40.60796308517456   105.62848428169005
40.69250750541687   110.44621139950607
40.76898741722107   106.85336316734917
40.845454692840576   111.2265863104416
40.9231743812561   109.70045715286973
41.00078082084656   113.75263040260526
41.074678897857666   109.33773277225784
41.15339493751526   107.40518930634916
41.22084331512451   99.27211898050524
41.29011154174805   111.12380198746366
41.36213517189026   113.27290057722533
41.4361138343811   115.69546861387948
41.50587511062622   106.947186446891
41.57272005081177   112.52746753062642
41.64624071121216   115.64850963669444
41.72089886665344   116.92327483652397
41.79860782623291   114.51353472535665
41.87245798110962   117.86815115317096
41.94140696525574   110.21750276096606
42.165470600128174   118.8260804155739
42.241272926330566   120.67446730383206
42.316845417022705   107.8674957538131
42.39137101173401   115.84836832753858
42.54417109489441   107.77925840310252
42.61995506286621   109.9611472469865
42.69318699836731   112.93614217145209
42.77483344078064   111.11733738146005
42.94004774093628   110.02768285964645
43.0113046169281   107.65317794183834
43.08735799789429   98.90133519711581
43.15989923477173   110.06199552089626
43.307334661483765   107.16065359208154
43.37588095664978   105.0460218990009
43.450682163238525   104.72726524446367
43.534884452819824   105.01528698328198
43.615890979766846   104.67288889224234
43.69662833213806   99.09546465687927
43.765828132629395   111.53002456416021
43.83798289299011   109.59257146213783
43.910749435424805   106.77166543720416
43.99016308784485   103.86720146280842
44.05905604362488   109.7183460405542
44.13673782348633   113.18483786500313
44.28376483917236   102.69888907332341
44.42566466331482   101.35896095790739
44.533148765563965   108.6391563175523
44.63295769691467   105.0450325975092
44.70350742340088   113.31555048600842
44.7744505405426   109.30790570405992
44.843533515930176   107.04211512525326
44.9205002784729   111.97475997031249
44.9998676776886   104.94948567111989
45.06529712677002   115.36358068007854
45.13866949081421   106.0433018061025
45.21549892425537   103.75807806627586
45.289318799972534   106.83993442493866
45.382235050201416   112.52435342536229
45.4726448059082   109.03410938468001
45.55155897140503   107.90409273930214
45.61976647377014   110.0146073063294
45.69882535934448   112.23756662642077
45.77410864830017   114.81043658657282
45.92789077758789   111.32853447011307
46.002116203308105   105.9506373744197
46.14316987991333   109.61218387813616
46.223533630371094   105.6691541507496
46.29478430747986   106.17695498416802
46.36643648147583   110.43259658633959
46.44585561752319   107.43121123424561