7.422247409820557   203.1291121931271
7.6401519775390625   197.87603927805316
8.183276414871216   195.60715468849344
8.257656335830688   187.24444275558184
8.631473302841187   197.25206059785108
8.708245277404785   202.55520358751326
8.789551258087158   203.14481211787182
8.87280797958374   198.87919001695332
8.945119380950928   209.76923289514698
9.022752523422241   208.8266872826968
9.110137462615967   202.58565738349577
9.193668842315674   202.20834955643932
9.276544570922852   196.76190458470748
9.354458093643188   205.03286094729557
9.425074100494385   200.16165233869143
9.49825119972229   200.5240046286209
9.658165216445923   203.4295018683145
9.734913110733032   207.1515360443789
9.810686826705933   201.414937484293
9.889466047286987   206.96159744123491
9.962523698806763   194.75803364046087
10.041675567626953   195.1313968681667
10.118623971939087   194.879257473556
10.19881272315979   196.44222437539955
10.272679805755615   198.15447053222033
10.353083610534668   196.9480858635087
10.434376955032349   202.7533208243967
10.575592041015625   199.89811778951554
10.654410600662231   199.84001758082243
10.723585844039917   196.23723349773633
10.799649238586426   201.7688836254993
10.877326250076294   200.00413652790684
10.951298236846924   196.31919895964285
11.024261474609375   195.94689531713252
11.091340780258179   199.5805274316717
11.176591157913208   185.7399003511345
11.255115270614624   192.4153913332446
11.330901384353638   199.1007481353831
11.4096839427948   190.0068965778652
11.484214782714844   195.1254307394627
11.559740543365479   199.6800396154574
11.63284945487976   203.34306584330562
11.706530809402466   198.5993871803022
11.77658200263977   195.3841796586999
11.851895093917847   193.99277473212246
11.942664384841919   197.13236198975326
12.036011934280396   197.03542225956633
12.114687442779541   197.96343787845527
12.19013261795044   205.80548655437659
12.26456594467163   191.79396202075353
12.335230112075806   192.67454563702924
12.408189535140991   192.64775970798559
12.492557525634766   197.46379594571152
12.582140922546387   193.668293524958
12.662210702896118   194.1829981891337
12.736619234085083   190.56624576026832
12.817551136016846   193.46311541155978
12.899348497390747   195.1996000019496
12.980933427810669   195.42133926509396
13.057973861694336   195.27098488442974
13.129878520965576   193.7246130620942
13.210007190704346   200.72905625571377
13.280534982681274   199.12307751739877
13.357487678527832   193.0949965583815
13.508660316467285   200.72431097891607
13.591147184371948   200.36324621737663
13.667980194091797   191.30368385809408
13.73834753036499   192.22222718747753
13.81404709815979   199.92721356599057
13.881934881210327   193.63172768408663
13.958670139312744   191.7980261407322
14.030626058578491   186.1846494394538
14.111173868179321   199.68667516513096
14.19381833076477   191.7787571298585
14.261201858520508   203.47603882993994
14.337656497955322   195.01466727192715
14.408029079437256   193.13457846550176
14.484352111816406   193.24051019812597
14.56468677520752   194.91832927145722
14.638051986694336   195.22308446884867
14.711853742599487   192.22122545466135
14.78694772720337   191.24355778379254
14.865869522094727   199.56395497579223
14.938223361968994   195.55565366753086
15.035330295562744   192.15595734953266
15.130652904510498   197.25249951106736
15.21413803100586   196.55393633416003
15.31459355354309   198.55015133576063
15.394946336746216   195.67074161432544
15.470645666122437   192.30933597155018
15.549890756607056   192.16051788401808
15.62410831451416   191.7599280302028
15.697649002075195   198.1304414760366
15.770707845687866   197.79206219291848
15.838316202163696   200.34259060217724
15.905875205993652   188.94742504485436
15.984253883361816   196.47360291188963
16.05584192276001   196.33049937544433
16.207565546035767   195.25367911723498
16.28534245491028   194.0298381937693
16.431599378585815   200.46744076075754
16.502997636795044   198.3230290732331
16.573789834976196   197.80678671911846
16.648436069488525   197.0826672795736
16.72587752342224   196.51366051869167
16.802711486816406   195.0735981887265
16.873494625091553   194.55240000028542
16.9456684589386   199.8625587021963
17.03115439414978   191.76073043137396
17.13984727859497   197.49413428576713
17.240962028503418   197.15677671018355
17.344725131988525   198.1305595493887
17.427489757537842   191.4450038022213
17.511375188827515   188.11294096248383
17.58625888824463   189.08500338292353
17.838759183883667   193.12834572592106
17.914249658584595   191.79617598748385
17.98588275909424   195.55548595558324
18.058516263961792   196.8310967027114
18.14978790283203   194.71841625205886
18.225348234176636   194.37563984825104
18.293506622314453   201.0502286196295
18.365575313568115   198.89933723267634
18.445708990097046   196.34314771186715
18.5219669342041   190.37007424211873
18.605506658554077   198.71853317571973
18.68459963798523   193.31171429222468
18.75912833213806   191.0945423747797
18.835985898971558   192.31450668339343
18.908461570739746   191.55380127076074
18.98003911972046   189.1289670658477
19.06270670890808   186.32432834191164
19.161865234375   189.40371688247728
19.235309600830078   185.04626976801123
19.428256273269653   181.4829245416031
19.518516778945923   185.36797144864983
19.595338106155396   186.1183921871091
19.670958280563354   181.43315062623597
19.745882272720337   182.84253883661563
19.815475940704346   180.1411021488502
19.890851497650146   182.9214605355626
19.960132122039795   180.62001212835273
20.024187326431274   189.18595798559102
20.10266637802124   181.77200537678993
20.171915531158447   184.5543174993397
20.235425233840942   176.2914028121386
20.313849687576294   177.26600725780673
20.387513399124146   181.17190148047047
20.46297335624695   174.83670424974733
20.529263496398926   182.23826968733016
20.605979919433594   180.63529892448858
20.683716535568237   178.93847014004479
20.761560916900635   183.60657934896102
20.838751792907715   179.80174361548148
20.91246795654297   188.43696342673903
20.9810311794281   186.71492329676687
21.060402631759644   179.1591237245859
21.133312463760376   186.2876695349144
21.211689710617065   187.1780509128908
21.28832244873047   181.35876544095882
21.368931531906128   187.31023141618428
21.442664623260498   184.06382272546907
21.522125482559204   184.86416496634996
21.58870530128479   178.4683313379852
21.666540384292603   182.99256460606236
21.74064874649048   176.24030342861607
21.82194471359253   181.59522146576285
21.82330870628357   179.25816219194684
21.89391589164734   176.666416053924
21.965229272842407   181.44683409211817
22.035072803497314   176.89700961650473
22.17050290107727   191.53354561410904
22.24269199371338   188.59987438921283
22.32234239578247   189.74456944395246
22.470779180526733   192.62909906083794
22.541198253631592   198.8118679761217
22.612694263458252   197.7013726595125
22.762129306793213   201.9776397695971
22.833056211471558   196.2623867166511
22.909144639968872   195.44996151425119
22.97702193260193   196.2779956469397
23.05445694923401   191.74176704390527
23.12461233139038   193.61291500539156
23.19713521003723   193.1437098272972
23.274193048477173   190.82520365574945
23.347954273223877   194.57469431551522
23.4146625995636   192.1134451456156
23.489076614379883   190.29254594005718
23.550193071365356   187.5654804751669
23.62221360206604   192.76813214740352
23.694673538208008   190.10036132396934
23.773953437805176   190.44314777470242
23.842698097229004   199.54514811693932
23.914630889892578   193.7994545459586
23.999288082122803   193.5629820784849
24.07624840736389   190.47655609577734
24.154897451400757   186.28515216625044
24.245824575424194   187.20857284676327
24.335193634033203   186.74368905286403
24.561485052108765   188.07889983669787
24.646819591522217   187.57712967504952
24.803821802139282   187.69821834572
24.887763261795044   184.70781997705288
24.957348346710205   181.55529506894072
25.04119372367859   191.7325354423051
25.185635805130005   191.04608564703125
25.25824546813965   183.02285770373487
25.32625412940979   190.0167534874336
25.4082133769989   190.1184503161884
25.484981775283813   183.80167481538706
25.55614948272705   181.82007296631485
25.63042187690735   179.38851918863287
25.704028844833374   187.67237368755508
25.8610200881958   192.03259244425558
26.005218744277954   196.3407573151908
26.087859630584717   192.0993923686164
26.162405729293823   187.8286932160676
26.236983060836792   188.42342118399077
26.325085163116455   187.55946380477485
26.40578269958496   191.67430030927366
26.48360538482666   188.8800699353093
26.628968477249146   193.77040687007346
26.699844121932983   183.91952545331256
26.77826499938965   189.66695020160572
26.850562572479248   195.08519468005417
26.923012733459473   194.32486484915816
26.994809865951538   192.64959263042894
27.067330598831177   188.0801805779277
27.14746117591858   192.4972068391667
27.29738688468933   186.97121113898262
27.380069494247437   184.37444137931195
27.44934892654419   192.18178340461222
27.520907640457153   189.82713604777672
27.59602427482605   188.79859371019413
27.66931176185608   187.6005262631702
27.748817205429077   191.83097900222725
27.82296633720398   188.78753258154603
27.888075828552246   184.00079579122462
27.9564528465271   195.72219116391025
28.024479389190674   176.79777897543838
28.16099214553833   186.67857633870221
28.235355615615845   182.9317951323755
28.31286120414734   181.7398846403072
28.385225772857666   186.5976606152356
28.526010751724243   193.52864273257669
28.82258939743042   193.12564654379776
28.89634895324707   188.02341343127725
28.978814363479614   192.45231632264426
29.134589910507202   190.0105500182158
29.21454882621765   197.9608642027174
29.28914976119995   185.80400446870152
29.357523202896118   186.63801735593813
29.44362187385559   187.8431966193976
29.52252435684204   185.53203914712174
29.60184121131897   191.47841854483542
29.671544075012207   187.36144430798223
29.74305486679077   192.71139088178748
29.813920497894287   190.31894312589188
29.890478134155273   185.27033928112573
29.96321988105774   186.38569316508364
30.037673950195312   185.5961310921732
30.123498916625977   187.20931956168198
30.2010395526886   188.1212524049619
30.27843689918518   187.47643995972038
30.351306676864624   189.9205710135063
30.489511728286743   184.52348163310842
30.56310248374939   182.60586538994409
30.632791996002197   187.53672168657064
30.732959985733032   181.51713565613267
30.81178569793701   184.69446524543025
30.87697172164917   182.87476044018368
30.938846826553345   190.89664915644525
31.07638669013977   193.46150648320048
31.367157459259033   191.48932230004533
31.449018001556396   190.2225215960002
31.658843517303467   189.30605732768288
31.74946928024292   193.01303448469002
31.832469940185547   188.14698542659988
32.04911804199219   190.9864675960809
32.12362003326416   191.4315849770293
32.266385555267334   190.32811089735793
32.33518862724304   192.41027033158417
32.41137957572937   185.8760965377244
32.477442502975464   191.92573076472394
32.549482345581055   183.6588199536894
32.61997175216675   182.8243947774401
32.694329261779785   183.7995534052549
32.771973848342896   184.8656013722852
32.972421646118164   193.8780689215533
33.035712003707886   183.6716004570953
33.11191654205322   192.60838015428067
33.247090339660645   185.1022775929516
33.38305997848511   188.95244475675722
33.45720314979553   188.01649734822215
33.599082469940186   186.02385577675983
33.678349018096924   194.2284733000181
33.75717902183533   196.28525431838472
33.82257318496704   198.26883159800568
33.97175455093384   192.8073088056789
34.04964065551758   194.9880388998477
34.113909006118774   196.58537989203006
34.186002016067505   192.6651435592345
34.25978398323059   195.55863228854616
34.33859920501709   195.53272086638978
34.41641306877136   192.29950104418842
34.567949533462524   192.13748729998866
34.64516997337341   191.25551622193538
34.70779275894165   199.77724162184546
34.77788710594177   199.14917067013187
34.92501664161682   194.84681363571607
34.998438596725464   190.2985376628541
35.14599680900574   195.0982720484684
35.220123291015625   197.18956020390374
35.29141688346863   186.20186057667772
35.4517126083374   193.75786323848206
35.52127528190613   192.59907166725296
35.59469532966614   196.5981787220938
35.668341636657715   196.31432204244354
35.738219261169434   192.62678541223465
35.807021617889404   191.39718704299844
35.95130634307861   186.02543481101588
36.02786993980408   196.23818476122386
36.09963798522949   183.63096694829187
36.16952395439148   190.47139221472585
36.25417923927307   182.788785570315
36.39856147766113   186.51512314360278
36.46562671661377   186.99286184979204
36.539249658584595   191.48536008478945
36.693888902664185   196.40174258561942
37.00600004196167   195.86606933732352
37.081202030181885   202.35957729878982
37.375747203826904   194.0225211685113
37.51726794242859   193.16992453418626
37.59239721298218   193.32285452712966
37.66612482070923   198.19931278310557
37.74755263328552   196.54591599832074
37.828099489212036   193.79240976987379
37.906171798706055   196.7802218049398
38.04808855056763   196.0573297799326
38.270039081573486   195.66524126494173
38.349488735198975   200.542459058081
38.41775965690613   189.37015953670223
38.49625563621521   191.90066926076545
38.65084934234619   190.76440009672854
38.722591161727905   193.68224873027853
38.794979095458984   191.33406483499184
38.86789321899414   188.06105348939735
38.938451051712036   184.56871619332946
39.021791219711304   191.1278956349691
39.09358191490173   184.885617928411
39.166463136672974   194.32593959018087
39.46990156173706   197.6559420864246
39.54814147949219   197.04958824505678
39.62835741043091   189.57319961293348
39.69822716712952   199.7260852556421
39.84062623977661   200.66234418710485
39.9164514541626   196.98933788892467
39.99027681350708   194.05577379247208
40.07138633728027   195.1126494576924
40.148820877075195   195.37612341411793
40.23909616470337   192.67122711542223
40.318243980407715   191.38117338562543
40.38694477081299   192.93565433834718
40.45747518539429   190.00990571092936
40.52950644493103   195.3668449699526
40.60884094238281   189.66820868952405
40.69181251525879   192.9684334300918
40.76819682121277   190.79777056462797
40.92236661911011   193.4444955101941
41.000046491622925   196.30985551848272
41.07388210296631   193.1692897745623
41.15263247489929   189.3677653938741
41.29077482223511   194.1931628878159
41.43535089492798   197.81293097922776
41.50471115112305   189.51179283582434
41.57156801223755   194.78021527620209
41.645087480545044   200.45692948573716
41.72017788887024   197.6956231861926
41.79754304885864   195.56126507323796
41.871761322021484   199.09618479973187
41.940802574157715   191.21017641249426
42.16479563713074   200.38756402404496
42.24065113067627   200.52806485227737
42.316221714019775   187.67483192104118
42.39066457748413   194.2509643314883
42.469663858413696   190.15252910502034
42.543389320373535   190.550712164817
42.62068796157837   192.663948407903
42.69245505332947   194.51713356188992
42.775580167770386   193.478792451008
42.84648275375366   197.0902071748797
42.93885660171509   191.48553150175218
43.011985301971436   190.59501503437724
43.08653163909912   183.26946591299122
43.15912652015686   192.4545490429121
43.23227286338806   187.45842015762182
43.3746497631073   188.27549895340508
43.451902627944946   188.5651366799909
43.614654302597046   188.50517740066093
43.764631032943726   191.5854970246036
43.83918356895447   191.04099896912385
43.90984869003296   189.70073140948398
43.989405155181885   187.2155535712288
44.05840182304382   191.24162238330035
44.13598680496216   196.18531872201058
44.28258180618286   187.26749802049298
44.424811124801636   184.0703046836575
44.53197455406189   191.50468691042022
44.63172483444214   188.15009019833607
44.70267915725708   196.20653347744488
44.773552894592285   193.13158044127948
44.84419870376587   190.10997134028537
44.91966533660889   195.2719572744586
45.0005738735199   188.33104682071558
45.064093351364136   197.18698898747158
45.13981008529663   189.0561430510723
45.214763164520264   186.72860193232833
45.29057598114014   189.11094538843363
45.38138484954834   195.121303916694
45.47329497337341   192.906654049923
45.55082106590271   190.78522851614662
45.61900758743286   193.107518282929
45.699546813964844   195.9548048361509
45.7734317779541   195.61459912347584
45.85118913650513   193.7647359611929
45.928539752960205   194.40709592124895
46.00135350227356   191.07941691476188
46.14387917518616   193.15905151067537