27.86111545562744   189.86211394625582
28.007019519805908   192.58327306172353
28.061169147491455   190.7663090494443
28.22569704055786   188.26116483342952
28.286070346832275   193.64485024440472
28.34286642074585   191.89832361090504
28.45253300666809   189.7456714295307
28.565430641174316   190.21609016263054
28.84334659576416   192.19140841158614
28.957516193389893   185.90777034118102
29.011440992355347   191.8666883772255
29.127799034118652   190.74869587064572
29.183911085128784   191.25306507836825
29.23756456375122   191.53064104772525
29.292325019836426   194.9182283673607
29.34785485267639   199.19924881753292
29.4025399684906   197.9362469729803
29.453364849090576   198.43833298855847
29.514681100845337   192.10847147885337
29.57048201560974   195.5315595606039
29.625606060028076   188.42720147893473
29.69320321083069   194.677178853819
29.755220890045166   194.40398751370313
29.865599870681763   191.2326817407819
29.923003911972046   192.73359197290947
29.978328943252563   191.3229987900232
30.032122373580933   192.76654247685687
30.08061933517456   196.95167911740305
30.135223150253296   192.56458374653525
30.252838134765625   196.84094207477443
30.301726579666138   196.48536548386642
30.352630376815796   195.4873772682935
30.4017436504364   197.52627060503082
30.4551203250885   192.653517418541
30.56160283088684   197.76041138006414
30.619494915008545   195.5364950435402
30.669281721115112   194.95781561011998
30.722468852996826   185.4035167619605
30.78732419013977   177.91591935493966
30.84446668624878   177.50295935025747
30.907447814941406   187.78183308921285
30.96175217628479   179.80859456004745
31.020542860031128   188.0342295495081
31.069665908813477   192.18581633681944
31.123744010925293   183.42745890556603
31.18674349784851   184.83063081284013
31.239017009735107   187.30669246375336
31.294176816940308   186.50010828534954
31.35060405731201   184.927894117489
31.405466556549072   184.2989148079573
31.46640396118164   186.64936809447263
31.521796941757202   185.14548414707664
31.57487154006958   183.94356456758004
31.62737464904785   181.83740814411027
31.691794872283936   181.9229307524935
31.74408507347107   186.94658455416763
31.796855211257935   185.48657930403957
31.849124908447266   178.01898218912436
31.90133023262024   179.51334689073457
31.955381631851196   189.04873605645935
32.07395625114441   186.06897972728132
32.12920331954956   188.30723344955206
32.193727016448975   187.56980052891694
32.24175691604614   191.68663469936342
32.35150170326233   189.01683671821363
32.40758919715881   190.39583423233935
32.46800112724304   184.20673345109049
32.52172017097473   186.02163119625828
32.57679271697998   190.4616256987275
32.64126110076904   187.33009197203194
32.69665551185608   189.38672530240885
32.74570846557617   210.21460369318388
32.80001640319824   187.9812993777769
32.85143065452576   193.51785115391152
32.90523862838745   193.8180113171193
32.953242778778076   194.07291319969042
33.00344252586365   192.80520061726372
33.07046937942505   192.59261944005667
33.13663983345032   185.9793322537339
33.18870997428894   189.7523496179298
33.23758506774902   193.0606227442173
33.287153005599976   191.36586501907928
33.38819241523743   192.9022344631075
33.43621230125427   195.1443876482262
33.486292362213135   193.391201449504
33.53692817687988   194.9689785691772
33.59084916114807   190.15019308361332
33.68889546394348   191.91460222300321
33.73692321777344   191.81311315513258
33.792625427246094   188.57258650442049
33.79269790649414   208.02280883525816
33.84544253349304   191.05543672054205
33.8984637260437   193.72878559320748
33.960609912872314   189.16413420802243
34.05807042121887   192.857635526881
34.114402532577515   190.4882025482416
34.16886234283447   189.12080267894666
34.264490365982056   193.2263064631447
34.321362018585205   189.92984387744255
34.375128507614136   187.15506700889227
34.47772574424744   193.3982396949254
34.52521824836731   191.29214830213715
34.578179597854614   187.59180068024068
34.683764934539795   187.23231867354485
34.741079568862915   191.57366707322552
34.85640621185303   187.84518126869094
34.96749567985535   187.86512849336356
35.03420686721802   187.99856404252563
35.0884850025177   184.20508452818535
35.258288621902466   188.54169625505085
35.31267976760864   182.98114372916817
35.36551284790039   190.12876255929882
35.42935252189636   191.97629527605355
35.48634457588196   190.54231623155525
35.54387187957764   185.42036835183686
35.66040658950806   188.92448453699478
35.717856645584106   191.39974335346432
35.820250511169434   187.80538369164304
35.87312841415405   190.09923732852064
35.9264452457428   186.4426236275083
35.9824914932251   188.60020092325507
36.05010485649109   190.67613418800897
36.111252546310425   185.01291485908334
36.182321071624756   186.88749399594212
36.2383599281311   184.18896150006415
36.294477462768555   189.36079325468577
36.359482765197754   185.07531691408636
36.41802501678467   189.55300443634778
36.47055006027222   189.40174493592087
36.530205965042114   187.76235304204073
36.63549876213074   188.3793518642152
36.69316625595093   192.62849084026948
36.75569009780884   184.19645600111104
36.864622354507446   188.15420136472795
36.91850399971008   188.87178635348369
37.02612614631653   190.3350915150802
37.07957148551941   190.36580128877247
37.18773365020752   186.71575187383
37.39044761657715   193.4211816784133
37.50518178939819   186.7427100192995
37.56244492530823   186.49771354621598
37.716538429260254   189.3712512139425
37.77453279495239   186.90598888118248
37.77460789680481   206.84318645957322
37.83922362327576   182.46779137734427
37.896156311035156   185.660699626381
37.94965648651123   190.66448343614505
38.014726877212524   187.726692732932
38.0741240978241   191.3770819543867
38.181392192840576   188.40025013866003
38.234142541885376   181.17760537678276
38.29797959327698   183.71050607059436
38.35109353065491   188.0456750933963
38.40564489364624   183.98332342313014
38.45642971992493   186.507752472814
38.51548099517822   182.60969705758833
38.56960606575012   182.38094000463093
38.68220138549805   186.5949547731686
38.749457597732544   184.39042555360354
38.812825202941895   182.63721605080806
38.91220831871033   184.19869957275995
38.96796679496765   186.80701438564623
39.03534412384033   186.97860260211124
39.09113121032715   183.99104556772642
39.14523649215698   184.69464465272705
39.1999614238739   179.45031713331284
39.25405836105347   180.78630568652474
39.40997338294983   185.82097481107428
39.46473002433777   186.09764785886406
39.52182960510254   191.19284592267155
39.618654012680054   184.77829537870915
39.68114995956421   183.19073069778528
39.73961400985718   183.49157850702167
39.80292224884033   183.6691868919521
39.85816717147827   187.80552054655715
39.912843465805054   185.67150028332233
39.9694139957428   184.22006946013295
40.02068567276001   184.7605975234845
40.075727224349976   189.93882928393654
40.12646007537842   190.00665594579007
40.18092107772827   186.6225435169749
40.22925305366516   198.88403981064195
40.28210949897766   200.23673505184186
40.46537637710571   199.19208872170947
40.527374267578125   191.74754669997608
40.58475852012634   188.63309216210314
40.639631509780884   192.3345270715362
40.69049882888794   193.07335667149025
40.74307084083557   193.37487464613162
40.79597616195679   189.20641968862864
40.90926265716553   189.77315193642644
40.96128606796265   191.08630016150414
40.96283721923828   187.41325524327814
41.01662015914917   195.53643370667797
41.071227073669434   191.05365851334616
41.12599301338196   188.9749275292694
41.184998989105225   193.67082940037943
41.238577127456665   193.48647312119823
41.28991079330444   193.00747596025775
41.34668469429016   193.85156229605406
41.398624897003174   190.48262710448088
41.44991111755371   196.99521484497916
41.50991249084473   189.45153192365228
41.57281231880188   191.91755045173454
41.62633728981018   192.66450627770024
41.67845392227173   196.95061263990584
41.67927527427673   193.6549264741206
41.74378442764282   188.01086338843186
41.80412817001343   190.36691918196905
41.86103630065918   190.75206900437016
41.91587781906128   188.17512164934692
41.97226524353027   191.67363632429075
42.0265634059906   186.47304639127782
42.07574272155762   194.20310312416595
42.132967472076416   193.94096692764407
42.18307161331177   187.80049671222693
42.238178730010986   190.15944502517357
42.29287791252136   186.13510164270176
42.34778046607971   195.64559742956442
42.40322828292847   190.54434198548344
42.45396018028259   184.14889334094238
42.517351388931274   185.99809121695864
42.56795787811279   185.95843744375344
42.68869924545288   187.9059674344146
42.75313425064087   192.4135281726998
42.806689500808716   188.03399131957465
42.8613817691803   191.62558102612834
42.91797709465027   190.07219208283948
42.91959309577942   187.60994501413978
42.9758825302124   186.3265718108349
42.977397441864014   182.80162160985924
43.03624629974365   192.35660781748987
43.09539341926575   191.43271799695796
43.1485698223114   191.95593001250182
43.2008216381073   192.08689769753033
43.253026247024536   190.65964668995036
43.30612277984619   192.3394185992084
43.360748529434204   190.9849274398673
43.4164297580719   190.96431816643036
43.48092818260193   191.35628171281041
43.534143686294556   193.6279854420498
43.597980976104736   189.97129630761378
43.660263538360596   191.00352399511686
43.71589493751526   188.0518038851602
43.769843101501465   190.50380276906495
43.82595086097717   193.0685695259041
43.88012099266052   193.40650479307814
43.9458966255188   193.81128982112614
44.0088586807251   189.4257857176313
44.062949657440186   188.39007078045984
44.12737727165222   188.85630047121407
44.181642293930054   195.15093076477982
44.240265130996704   193.99768826281593
44.299434661865234   191.21816379401767
44.353267431259155   192.2332271037063
44.418800830841064   192.1785216543101
44.46780061721802   195.93455899121497
44.5239360332489   187.69048202848754
44.578630447387695   189.40025873237965
44.62883257865906   194.32140178148552
44.68606448173523   194.55179750266916
44.73931646347046   193.80561309509443
44.800785303115845   196.33459691516504
44.854201316833496   191.0516200586938
44.903563261032104   197.33114167218815
44.97291851043701   192.61400559598812
45.03062891960144   197.48602804768558
45.07960510253906   196.3202349549305
45.13342785835266   198.32834638693222
45.194382667541504   191.52267005905023
45.24994969367981   186.4684626276465
45.30603528022766   188.44858326231144
45.35750150680542   189.6561047164125
45.41760563850403   189.67827846512583
45.473628997802734   191.44808525361825
45.529033184051514   189.81452143205829
45.58615970611572   184.85715222622179
45.63698410987854   189.87652556420198
45.68944978713989   189.48643706171907
45.744821071624756   191.38645171538394
45.80973792076111   186.16646149699991
45.90936899185181   194.91412607338742
45.96137356758118   190.16563812320842
46.018563747406006   188.2065694475981
46.07633686065674   198.25869439349634
46.07784581184387   194.9527452318652
46.13219690322876   190.3853584862561
46.19250464439392   190.71335475548014
46.2452974319458   188.20963709949132
46.24669647216797   185.21129565706434
46.298234701156616   194.1939233918996
46.35284233093262   192.57095569312986
46.40678310394287   196.9040272243712
46.46323871612549   192.683151697028
46.5171594619751   193.4029539039457
46.57033896446228   189.95021030074295
46.62119269371033   194.11656427827097
46.68418264389038   190.01279952307812
46.73623442649841   191.19369643535825
46.792001247406006   191.9835115496688
46.849138259887695   192.06061267014564
46.90138816833496   198.48743937578715
46.9564528465271   190.3626818750335
47.0599148273468   198.1349835087476
47.118144035339355   190.81867258275096
47.17254638671875   192.70800389378573
47.22597932815552   193.06839691689157
47.28155016899109   192.60941434752456
47.334524154663086   192.0249024836347
47.390841007232666   190.96477359989112
47.44513273239136   190.28621544026703
47.50485062599182   189.38091371897139
47.56945204734802   190.36972502674493
47.63472032546997   191.4349487094036
47.63627099990845   187.44189036035453
47.69492149353027   189.61147943919394
47.75255346298218   192.09144458006196
47.81427025794983   192.21708968817967
47.92949938774109   187.69570638195796
47.993714570999146   185.09574312811395
47.99488091468811   181.49517177872764
48.05231976509094   187.16781837704184
48.10991430282593   186.70064436540477
48.11130690574646   182.23450699642484
48.19623947143555   188.05599899533976
48.25760245323181   184.95386959455746
48.31368970870972   187.52095439839465
48.4306378364563   186.7869551802503
48.48085069656372   196.13232949024876
48.540518045425415   191.98685470762314
48.60327196121216   190.75313333255332
48.66555571556091   190.89037888666692
48.71733903884888   182.24506916629107
48.77562975883484   185.68512568064747
48.84082508087158   187.20942095437252
48.898383378982544   187.07853348906897
48.95313382148743   187.12774565488922
49.01792883872986   186.8356620960976
49.07189464569092   187.80129767590188
49.13883447647095   189.93262395885375
49.20435667037964   191.65889824758992
49.261412143707275   190.78861817562122
49.31360983848572   192.13115753548644
49.37668752670288   191.67157071002018
49.43387031555176   187.83799141326054
49.49223756790161   189.57428321230753
49.547292947769165   191.9818138872135
49.54893779754639   188.48839747631126
49.60732340812683   192.93799584721418
49.653332471847534   197.74003572945654
49.762505531311035   187.84664541624875
49.863213300704956   184.02560445719558
49.91849207878113   184.55977524340366
49.97037386894226   191.02040007678062
50.032522678375244   187.2226963483704
50.090280532836914   182.72369472983547
50.1466805934906   189.05106625395862
50.20588397979736   189.70862211660858
50.26114082336426   187.76966458737576
50.31394648551941   194.24989782579314
50.367661476135254   188.33896220424216
50.4244863986969   194.12657352319337
50.482924461364746   201.9642343897442
50.539984464645386   189.41376197809103
50.60397386550903   194.526713406466
50.669777631759644   188.45342760744214
50.72650480270386   188.6943391387831
50.795392990112305   189.96137285594557
50.85690784454346   189.97405936716788
50.9103467464447   189.86416713659457
50.965506076812744   185.54928067468936
51.019917249679565   189.46485736666423
51.07387399673462   194.50606269134624
51.13449811935425   189.00070480505528
51.18814730644226   189.03484750695375
51.24169659614563   189.9190694217968
51.294337034225464   189.60598621784428
51.34490942955017   193.5547678587017
51.41157341003418   190.58622321091497
51.471186876297   192.77160568270128
51.52873229980469   190.09635401137115
51.58994126319885   190.38671985398847
51.646172523498535   186.0533881217437
51.70186924934387   187.02331012132257
51.758102893829346   189.5392670663856
51.81474995613098   192.27450929697292
51.87151336669922   186.8690568420964
51.92360019683838   185.58218369835024
51.97855734825134   189.68561448153335
52.02884006500244   192.58752488512937
52.088170528411865   193.0496985572458
52.14707803726196   188.09452142052095
52.20397138595581   187.568608779572
52.26266694068909   184.9522043644729
52.32220435142517   186.10150587779896
52.37613558769226   194.4875176591962
52.47960591316223   187.5374364629044
52.53414583206177   192.0411822712515
52.59101843833923   188.59035026971918
52.646814584732056   188.12437602703685
52.70653295516968   189.14904560758754
52.77146315574646   187.00669081732795
52.82454872131348   184.64585582706195
52.881913900375366   187.61524844047625
52.935548543930054   182.60187450527593
52.99307608604431   191.91884249902438
53.05108046531677   191.72065156443517
53.105021953582764   195.62831680628102
53.15570378303528   193.66071120523233
53.22162103652954   190.7623737079102
53.291013956069946   187.51585877243647
53.349037408828735   185.41516326858053
53.409167528152466   192.25042865174404
53.52160453796387   190.15275029395298
53.585386753082275   189.7448072831037
53.637104511260986   192.57235462460915
53.70335817337036   190.52257825202835
53.758156538009644   188.75508017578215
53.809447288513184   192.90589774737987
53.866835832595825   188.22608466051304
53.92273426055908   190.11634135022788
53.97956824302673   187.87951687882284
54.03771638870239   184.89209772200135
54.0932731628418   189.89526907862248
54.15028262138367   189.6215216125681
54.2102746963501   190.0811305323646
54.27333855628967   192.01737643048207
54.3399019241333   186.3392325932599
54.39891743659973   192.81087157787667
54.46533441543579   188.52271361409476
54.53406834602356   191.99383824401917
54.590964555740356   190.51109761059053
54.657026290893555   194.30817705219002
54.71509003639221   190.91925390546746
54.76615238189697   192.58376035818569
54.81573557853699   192.47079244538008
54.866873025894165   192.73659893545752
54.92026710510254   195.45191411478027
54.97305464744568   191.53642335936183
55.02313828468323   195.46300922097723
55.07927680015564   190.5299884704854
55.13619089126587   188.39267172130081
55.19020199775696   187.53900119934406
55.247394323349   189.02462416783584
55.31510591506958   184.58469122030232
55.37333941459656   192.34106228518567
55.426735401153564   188.54561828087319
55.48154425621033   188.72914878290482
55.54169821739197   186.68647241918057
55.59564661979675   183.78252117758467
55.652634620666504   187.08093001697287
55.70754384994507   190.91503950658876
55.76647090911865   187.6167756424003
55.82173490524292   190.43627880185127
55.88157939910889   184.99558859732585
55.948583364486694   187.0586987941088
56.00217580795288   185.5220443001322
56.05980730056763   187.4887012888451
56.1143684387207   192.7681073469037
56.171557903289795   187.40992607342122
56.22953152656555   192.8769513639726
56.281503677368164   187.34947646091783
56.341617584228516   187.81617527503764
56.39655923843384   185.9602654138216
56.45536994934082   189.13642375168115
56.513405084609985   188.68062692549557
56.57109999656677   189.0780595973459
56.62797427177429   193.4854278797604
56.6839497089386   186.1321778259484
56.740525245666504   187.36785494598755
56.79497694969177   186.1836779101347
56.854095697402954   194.58818103019007
56.908936738967896   191.03237037634005
56.96016979217529   198.08223311688664
57.014228105545044   189.99247391836482
57.06800198554993   196.21960834898704
57.11756896972656   192.42097287543487
57.21253037452698   192.2941194389888
57.27531576156616   195.084282205726
57.33930015563965   193.1245359123548
57.38955354690552   195.23669266888956
57.45277404785156   196.2941214368239
57.50804543495178   190.34990712891786
57.558040142059326   196.774090059886
57.61510920524597   195.66296856492391
57.66875886917114   190.90774349367342
57.72743201255798   194.4814584140646
57.786865234375   196.4008200889263
57.84224534034729   191.41643179767098
57.899609088897705   196.07244841805735
57.95346212387085   200.7127283379774
58.02161502838135   197.29032367197127
58.0758855342865   190.2282478252598
58.135058879852295   194.35272314476012
58.193570375442505   195.57273567502313
58.25976037979126   194.91566162168465
58.31707715988159   192.26778078041932
58.38689970970154   197.46334719427006
58.44345140457153   198.66893539798866
58.50475811958313   196.24920129092018
58.560768604278564   196.72117710623058
58.625128984451294   192.85490692033946
58.680954456329346   200.19518792254846
58.735450744628906   197.08565680059
58.787288427352905   195.55959165787309
58.835001945495605   196.53038853045476
58.90662360191345   194.58305261202432
58.96455645561218   196.17094000207257
59.02000188827515   198.47175931560622
59.075172662734985   199.78700366470767
59.14080452919006   192.39947097958677
59.195826053619385   197.24044507632658
59.262431144714355   195.14842357174066
59.315804958343506   199.56479464566294
59.37211871147156   197.53915659004284
59.42916464805603   198.15252740589418
59.48115396499634   198.9117361272363
59.59182333946228   198.57974618337101
59.64666533470154   196.67653093805043
59.702738523483276   197.09753784115162
59.751795053482056   198.860636467436
59.807026863098145   196.83204863944775
59.86720538139343   197.3449863230012
59.92085862159729   197.5645857732324
59.97330045700073   198.2509408278386
60.02286338806152   200.67729592859465
60.08248472213745   194.41916257844528
60.14005947113037   195.81322392460476
60.19730019569397   191.87246810867282
60.25609540939331   196.0927459977671
60.30501389503479   196.936906973167
60.363213539123535   192.42685672220966
60.418434858322144   189.99378931792705
60.47433304786682   194.7737699800048
60.53020262718201   191.851061960287
60.583653688430786   196.20653566298938
60.63749814033508   193.7382845458448
60.69187259674072   194.8552496645465
60.74939298629761   192.12846768083483
60.80372929573059   194.4041982973799
60.86450409889221   190.3437641023853
60.91917634010315   193.5395361235047
60.97370791435242   195.90772394723
61.0294623374939   194.94654808552835
61.08677649497986   193.38292485836197
61.13734555244446   198.10519868017536
61.199015855789185   197.03904984798638
61.25770449638367   196.18730395275082
61.32631206512451   192.74007721242637
61.3898389339447   192.47294877792345
61.447107553482056   193.15695447026172
61.501587867736816   194.21349514184422
61.552884101867676   194.40084014586023
61.615962505340576   193.13435657825192
61.6752564907074   192.0397083340186
61.742714405059814   187.47142368354312
61.81407880783081   193.81983182117813
61.88526129722595   190.54154218023376
61.9353985786438   196.39017638641513
61.98659706115723   195.16627463773156
62.058188915252686   193.56781930156382
62.11885356903076   189.86693674956635
62.17833065986633   193.152930585275
62.234312534332275   197.39217401341418
62.29772591590881   197.21169927187555
62.358078479766846   193.6867183878379
62.41455101966858   195.02214963572996
62.52046847343445   192.04420273165817
62.58756446838379   195.5578910734253
62.640522718429565   194.21583180295147
62.69521474838257   194.75187758927342
62.74845623970032   194.0088577851223
62.812520265579224   197.80903338059204
62.884875535964966   193.94237174916674
62.94942569732666   195.68250827934153
63.00282096862793   193.5352868861024
63.06080079078674   193.48616767904565
63.116947889328   186.41050828157574
63.171380043029785   189.9563443224386
63.221986293792725   198.12250271503788
63.2832453250885   193.31816366457414
63.34872889518738   196.71520446421903
63.45573663711548   196.9942567831308
63.51192045211792   193.39344016451142
63.56404995918274   196.50776410950226
63.61941838264465   195.47781107684239
63.66959261894226   200.44984195903703
63.734999656677246   190.2839165563027
63.78573751449585   196.49380918227362
63.836570024490356   189.82685819864446
63.89775347709656   187.47042863223157
63.957448959350586   189.84931705913422
64.01820993423462   192.73748084820764
64.07605028152466   190.23086910056503
64.13319540023804   196.09112195487305
64.18916249275208   193.85596650558733
64.24563336372375   189.50568830897933
64.30169320106506   189.67182699985895
64.36149716377258   191.7644744294631
64.40908193588257   200.38532161482792
64.4785795211792   189.03613493022428
64.53044152259827   197.01629425959663
64.58739161491394   201.6878501812871
64.64080119132996   199.7038799805511
64.74755644798279   200.10516347677267
64.80939221382141   197.10300043390905
64.87573003768921   192.52334194969387
64.93313717842102   193.55356219808155
64.98673963546753   200.5083527001217
65.04879379272461   195.17310247845495
65.10154843330383   199.25620144272327
65.15437889099121   197.11028360193322
65.25982546806335   195.06893387188777
65.31501388549805   197.89792835691094
65.36260557174683   197.26388658881353
65.41831922531128   192.3070320239959
65.4782600402832   196.00560388462785
65.53418684005737   200.72517198173244
65.58926582336426   194.81571149518533
65.65453600883484   195.07122951227308
65.71041178703308   194.99731818981928
65.7640814781189   195.06646362682025
65.8197648525238   197.08617402767516
65.87524819374084   201.40951598703808
65.93895196914673   194.77853875443424
65.99429965019226   202.42808962599545
66.04858589172363   194.8725556040243
66.14190673828125   205.2702652024445
66.2329478263855   208.18323113203377