168.2787880897522 80.27878761291504
75.42496109008789 94.80252838134766
74.59894561767578 89.85048389434814
77.21538543701172 93.96923065185547
199.51991271972656 88.65929222106934
175.37457084655762 79.76632308959961
80.65066528320312 97.7093334197998
164.89999961853027 80.52777767181396
194.92683029174805 98.45121955871582
201.77450942993164 91.10294151306152
192.88185501098633 89.60478210449219
196.3385009765625 85.10077476501465
206.81560134887695 91.44680881500244
180.9661464691162 89.06770896911621
91.7830696105957 87.18518447875977
81.5 79.0
82.3028450012207 90.42682933807373
85.52349090576172 90.18344497680664
110.67724990844727 99.70899486541748
201.03845977783203 96.39102554321289
176.51515197753906 84.34848499298096
76.20942306518555 86.8481674194336
164.49322509765625 80.79132747650146
181.29126358032227 78.9563102722168
66.33518981933594 87.16434574127197
75.7598648071289 88.47774982452393
66.69625854492188 84.09138298034668
72.86785888671875 86.74083518981934
66.95549774169922 84.17884063720703
182.71818161010742 78.70707130432129
83.0 93.5
73.65180587768555 87.5031852722168
169.6354169845581 73.359375
163.69883060455322 78.59649085998535
170.22222137451172 73.6666669845581
193.34883880615234 89.21085357666016
191.18518447875977 85.693603515625
184.5 82.5
185.87804794311523 87.35772323608398
199.80874252319336 99.07650184631348
193.40322494506836 80.96774196624756
200.14634323120117 90.93089485168457
189.08454132080078 87.20531368255615
193.02631759643555 87.5
192.30181884765625 87.16242408752441
193.42193984985352 83.2362871170044
194.0 88.0
188.66666793823242 86.68544578552246
181.44562530517578 84.98463439941406
195.0 86.5
195.93567276000977 90.1695909500122
196.16402053833008 80.61375617980957
193.0 82.5
182.24786376953125 81.38081741333008
194.20000076293945 90.29697036743164
187.18487548828125 87.82913208007812
183.0 78.28947448730469
189.5 88.0
183.9103775024414 79.76100635528564
191.84333419799805 87.86666679382324
203.93333435058594 93.30303001403809
192.94179916381836 87.19576644897461
196.37777709960938 87.75872993469238
185.6534652709961 75.66996765136719
195.77407455444336 86.30370330810547
190.94358825683594 85.32820510864258
197.03985595703125 85.81521701812744
188.1339569091797 84.13707160949707
195.22222137451172 86.0
190.66666793823242 79.68544578552246
161.89655208587646 72.8333330154419
192.67241287231445 90.20689582824707
194.55555725097656 88.43055534362793
190.0 82.5
188.88172149658203 82.5
189.59733200073242 82.23733329772949
194.25821685791016 82.53051567077637
190.1894989013672 89.56050205230713
186.25877380371094 85.60526275634766
187.0 88.5
193.03632354736328 85.92307662963867
186.31239700317383 89.04773902893066
168.59607887268066 79.87450981140137
159.01449298858643 76.64009666442871
174.89215850830078 73.86764717102051
167.5 70.5
168.46198654174805 73.69005870819092
67.42307662963867 84.557692527771
70.86928176879883 85.6013069152832
174.40019607543945 75.85742378234863
176.0 76.41025733947754
80.08695602416992 92.3961353302002
182.24703979492188 85.7944164276123
75.84469604492188 97.2386360168457
185.4346466064453 86.81825256347656
209.40251541137695 88.12578582763672
204.0 83.0
192.05718612670898 93.78705787658691
80.4012336730957 99.8271598815918
220.0326805114746 81.8169937133789
71.40605926513672 93.94949531555176
74.57898712158203 97.39020538330078
67.24784088134766 90.12521553039551
71.14274978637695 96.5876989364624
68.10956954956055 90.38888931274414
72.91688537597656 95.69291305541992
75.62149429321289 96.01947021484375
71.51195907592773 94.59267520904541
71.48717880249023 98.02729511260986
72.91133880615234 93.16357421875
80.21303176879883 97.65914821624756
75.95350646972656 97.08589458465576
208.4313735961914 81.07352924346924
73.16666603088379 96.98113250732422
183.36392402648926 84.10970497131348
176.24684715270996 82.69369411468506
71.77376174926758 95.60776424407959
75.14736938476562 92.99766063690186
76.2796516418457 93.62546825408936
70.15185165405273 91.1728401184082
71.11475372314453 90.69836044311523
72.51431655883789 89.15132904052734
67.63344192504883 83.45766353607178
69.38578033447266 87.42773914337158
71.13774871826172 87.6372241973877
72.53774642944336 89.73170757293701
72.43444442749023 90.57222175598145
69.36027908325195 88.30738544464111
69.37938690185547 91.2741231918335
67.24301147460938 83.36021518707275
75.5352554321289 97.32264995574951
72.53582382202148 86.49324989318848
69.00406646728516 82.00508117675781
69.2497329711914 88.0836009979248
69.41460800170898 87.42489719390869
70.59405899047852 86.4675464630127
65.83541488647461 81.36250019073486
65.77182388305664 85.03075408935547
71.9544448852539 89.9244441986084
72.05987930297852 88.98303413391113
68.10210037231445 84.9209213256836
69.92189407348633 91.2772274017334
72.04220962524414 90.26515197753906
63.40219497680664 83.22355270385742
66.49491882324219 84.12703227996826
65.32560729980469 82.12251663208008
70.22088241577148 87.9708833694458
63.9703483581543 83.72597122192383
68.44975090026855 89.99602031707764
67.57012176513672 84.12296772003174
65.07316970825195 85.88414669036865
67.59397888183594 85.79335403442383
65.2819709777832 84.02935028076172
66.79740524291992 82.86926174163818
63.84892654418945 80.01267051696777
69.82418823242188 83.7733736038208
67.6004409790039 88.92273712158203
75.06584548950195 94.05041122436523
71.78606796264648 86.86169147491455
64.3862419128418 83.00634956359863
68.16927719116211 85.07523536682129
65.92110443115234 82.93293857574463
65.14480209350586 80.82798862457275
72.68687057495117 89.12222194671631
62.62941360473633 83.01470565795898
71.56868743896484 88.9080810546875
64.64007568359375 82.10826206207275
72.5485725402832 88.99238109588623
70.37522888183594 87.01183986663818
71.56697845458984 89.14018726348877
72.75352096557617 83.735915184021
69.05594253540039 82.3100233078003
68.65428161621094 81.75232219696045
187.58319091796875 78.26717758178711
76.2403335571289 86.10449314117432
68.44541549682617 86.358078956604
66.2997817993164 84.0660171508789
72.29293060302734 88.86666679382324
67.29618453979492 89.17871475219727
64.98153686523438 85.02153873443604
62.21603012084961 82.39002895355225
71.15131759643555 87.06469345092773
66.5583610534668 85.1009464263916
75.84509658813477 92.9539213180542
71.67618942260742 89.21904754638672
66.81224822998047 82.94377517700195
65.89418029785156 85.23386287689209
68.6435317993164 88.39221858978271
68.90650367736816 86.15955257415771
67.29179763793945 85.09657287597656
67.55555725097656 84.08564853668213
74.0257453918457 93.21409225463867
61.8586311340332 88.8586311340332
70.95484733581543 97.21912384033203
65.76679801940918 95.51910400390625
53.121212005615234 85.90909099578857
69.88522720336914 90.97069549560547
66.5324821472168 89.21192741394043
67.21117401123047 91.13920497894287
64.57809448242188 85.60476207733154
71.92781448364258 90.2091293334961
74.55819320678711 92.27909564971924
68.88323211669922 86.03991985321045
63.91714859008789 84.23314094543457
66.721435546875 83.20113277435303
71.75670623779297 92.49233722686768
73.93621444702148 94.50823020935059
66.37902450561523 86.47352027893066
65.65031814575195 81.40236186981201
62.87526321411133 80.25262069702148
68.3682975769043 84.97435855865479
67.08571243286133 84.54880905151367
68.43487930297852 85.52097129821777
68.64156723022461 88.02208805084229
70.63250350952148 85.83643913269043
69.72085952758789 89.92535781860352
75.8469009399414 93.96027088165283
64.3268814086914 83.57741928100586
70.03030395507812 89.94040393829346
72.36767578125 93.12626266479492
69.61742401123047 93.15719699859619
69.3563232421875 86.24660396575928
70.67915344238281 86.1123914718628
66.73333358764648 89.21770858764648
73.31557083129883 92.16614437103271
66.83284759521484 86.21282768249512
67.41875076293945 84.92916679382324
73.59659576416016 93.23123168945312
71.86947250366211 91.25242710113525
72.9203109741211 93.2011661529541
66.16199493408203 87.69158840179443
70.72119331359863 90.6759262084961
71.11677932739258 88.71655368804932
69.84555053710938 86.29032230377197
68.87661743164062 86.70746231079102
68.9194450378418 93.75555515289307
68.64263153076172 89.78996849060059
70.17647171020508 92.82254886627197
68.04832458496094 93.68934917449951
69.04471588134766 87.71138191223145
63.548851013183594 86.5747127532959
62.400394439697266 87.71400356292725
71.79962158203125 95.72649574279785
60.48594284057617 81.0
63.095237731933594 84.03968238830566
63.142433166503906 87.14935684204102
68.8266658782959 90.40205097198486
65.24550819396973 87.15668678283691
60.28868103027344 82.66770553588867
69.74247550964355 96.80490493774414
66.15069770812988 89.8043909072876
65.2402114868164 87.62328052520752
68.45290946960449 93.96402072906494
68.79037857055664 92.14318466186523
69.57585144042969 93.22910213470459
69.02593612670898 87.17291069030762
68.56182098388672 87.92779445648193
66.64700317382812 87.97284603118896
71.1171646118164 89.93369674682617
70.78960990905762 94.50303077697754
68.18489456176758 83.49565982818604
73.71010208129883 92.75353527069092
184.8671531677246 75.40170860290527
194.19805145263672 90.5905704498291
68.0079116821289 89.85954475402832
68.62640380859375 90.95880126953125
71.95392227172852 92.03921604156494
76.39981842041016 95.04735851287842
68.16621398925781 88.79291534423828
74.04970932006836 89.1432752609253
72.27596282958984 91.02077198028564
70.40370559692383 93.97037029266357
71.42948532104492 92.77655696868896
73.19437026977539 92.72823238372803
65.04021453857422 86.83556747436523
72.90900802612305 93.86486530303955
72.14814758300781 93.21842384338379
70.0915412902832 89.1641788482666
72.6904067993164 91.36795234680176
70.99686431884766 96.12016677856445
64.05928802490234 91.51515197753906
65.60075950622559 88.26109027862549
74.60929870605469 97.43818092346191
63.43213653564453 84.22355270385742
73.89990997314453 93.9454870223999
68.91622543334961 88.42328071594238
80.52195739746094 100.30738544464111
70.86322021484375 93.24518775939941
75.37046813964844 93.18832874298096
78.88727188110352 96.79878807067871
71.06798934936523 89.3333330154419
69.49504089355469 90.26686477661133
68.38492202758789 85.31150817871094
73.24838256835938 92.60110759735107
76.97266006469727 97.38906383514404
76.03801345825195 94.60916137695312
76.0655288696289 97.30674266815186
72.15877532958984 90.39461421966553
69.33245849609375 86.13473320007324
77.14606857299805 97.25749111175537
69.796630859375 93.03971099853516
59.852853775024414 84.86936950683594
68.93548393249512 97.43548393249512
70.90909004211426 98.37878799438477
63.0 88.5
73.63693618774414 89.1063060760498
75.16910934448242 90.48093795776367
74.25114059448242 94.47397232055664
72.61160278320312 87.73353004455566
70.91075134277344 84.9430103302002
78.95986557006836 95.26867294311523
76.73817443847656 96.41914176940918
76.1355094909668 93.10089015960693
82.28070068359375 100.42724418640137
74.66268539428711 93.14626884460449
77.54487228393555 96.38247871398926
87.0 96.0
73.0904312133789 88.30073642730713
195.4996109008789 93.52459049224854
174.79502487182617 76.46069717407227
74.62060546875 93.66060638427734
75.52777862548828 89.07539653778076
201.2411346435547 79.62411308288574
70.68139266967773 89.57429695129395
69.76701354980469 89.67820072174072
177.4139633178711 85.12487697601318
70.12252807617188 85.42160701751709
73.14427947998047 92.1243782043457
178.75577545166016 83.90539073944092
67.51410293579102 84.74743556976318
70.33452033996582 87.63345241546631
74.93333435058594 88.69696998596191
177.91300582885742 82.7898359298706
72.1758918762207 91.14145183563232
180.12779235839844 85.0777473449707
180.17963027954102 86.94351863861084
71.78960800170898 95.00506973266602
67.38114166259766 86.35856533050537
178.0169906616211 83.70388317108154
68.37588500976562 87.11702156066895
174.1032600402832 81.5362319946289
65.88172149658203 85.18602180480957
72.98422622680664 88.27549934387207
72.58928680419922 88.41547584533691
74.0209732055664 89.1666669845581
70.4504222869873 86.98839664459229
190.39400672912598 91.42763137817383
81.04437255859375 95.55194759368896
73.73509216308594 90.45063495635986
77.83737564086914 93.9646463394165
80.10674285888672 95.85299587249756
78.29875183105469 93.23823261260986
77.77217483520508 90.06535911560059
77.15361404418945 89.86847400665283
81.0828628540039 95.93408679962158
76.05140113830566 94.38940811157227
75.99175453186035 93.54181385040283
75.2330379486084 95.32890892028809
72.94181442260742 87.00098609924316
78.30945205688477 92.6776123046875
81.67248153686523 94.79263591766357
78.38095092773438 94.45523834228516
77.10140991210938 89.64507007598877
83.72615814208984 97.43744564056396
82.67806243896484 94.35232639312744
80.29533004760742 85.64386558532715
79.61071395874023 92.18809509277344
75.65172576904297 91.62745094299316
80.26860046386719 91.60579681396484
59.36612033843994 86.10928916931152
74.35690307617188 91.2188549041748
72.0351333618164 88.53063106536865
78.50385665893555 94.11825180053711
75.98476028442383 87.49238109588623
72.99822998046875 86.29796600341797
73.22520065307617 87.34495067596436
75.83377456665039 88.33069515228271
81.62150955200195 94.65270900726318
76.27819442749023 87.46783638000488
80.07297134399414 97.45495510101318
74.69444274902344 86.60606098175049
73.68294906616211 85.74892902374268
77.05738830566406 90.11556625366211
75.07256698608398 89.9960126876831
75.98420333862305 90.04107475280762
78.52006530761719 91.91482353210449
82.83236312866211 94.05038738250732
80.07718276977539 97.76286315917969
81.02105331420898 94.02339172363281
75.97602844238281 87.67922401428223
78.03396987915039 97.36518001556396
81.78192138671875 96.25197696685791
75.88095283508301 90.0595235824585
77.02777862548828 91.5505952835083
80.53008651733398 95.82999038696289
80.47064590454102 96.64577102661133
71.30637741088867 84.41509437561035
76.1728401184082 90.51377010345459
75.52540588378906 91.36483764648438
82.38056182861328 97.99091720581055
72.74206161499023 88.93551540374756
81.05508804321289 97.25116729736328
73.76543045043945 89.15384578704834
77.36372375488281 93.6666669845581
80.43728637695312 93.93814468383789
76.22222137451172 86.96025276184082
74.9555549621582 91.78787899017334
79.2316780090332 91.15839290618896
80.84974670410156 92.15656471252441
81.48342895507812 95.82163715362549
95.12994384765625 88.36723184585571
76.20161437988281 92.98566341400146
81.12973022460938 94.85045051574707
80.9626522064209 94.54248332977295
84.35438537597656 98.18157863616943
68.76190567016602 90.3751449584961
76.26446342468262 93.9655647277832
77.20187759399414 90.62065696716309
82.34391403198242 97.9285717010498
79.71481323242188 95.2083330154419
72.91954040527344 88.02210426330566
77.28977966308594 92.28711128234863
81.22222137451172 101.01137351989746
80.31233596801758 93.77515316009521
78.54684829711914 94.25135135650635
83.32429885864258 97.97199630737305
79.71586036682129 94.7446985244751
76.17913818359375 91.38548755645752
81.14385986328125 96.68596458435059
85.2459716796875 99.46140766143799
77.56103897094727 92.96623420715332
75.24607467651367 91.88743495941162
84.6684455871582 100.11733341217041
80.07223510742188 97.19582271575928
77.68059158325195 93.60032749176025
79.59553527832031 92.67741966247559
78.42573356628418 93.4196891784668
73.45296096801758 90.2566785812378
77.68872451782227 93.09640502929688
81.23169708251953 95.53746795654297
82.93218994140625 96.02287578582764
82.51899719238281 99.53713321685791
81.55317306518555 91.29365062713623
59.223809242248535 86.41428565979004
81.39316177368164 92.95726490020752
56.15151500701904 84.29437255859375
81.51010131835938 93.43602657318115
54.89418029785156 86.18518543243408
58.730923652648926 88.20481967926025
75.32261657714844 88.84887504577637
74.28519821166992 90.08182907104492
83.7452163696289 102.9174222946167
74.99472427368164 95.0991563796997
72.76109313964844 94.90898704528809