105.36526668017771 6.486222267150879
110.47321927250974 6.980194807052612
109.69395935298799 7.178269147872925
103.93366170683528 7.378538608551025
110.3630180190493 7.7796289920806885
103.77857963909335 8.086251735687256
117.33692231892923 8.284898519515991
100.37611908438568 8.379997253417969
99.62322362012297 8.4788179397583
107.64472910752559 8.572803497314453
104.8791667490198 8.676352500915527
104.90130956589302 8.98051905632019
103.37373662199816 9.082454204559326
111.75983830603482 9.281622648239136
110.0211591884658 9.379742860794067
110.95503424571004 9.582051515579224
109.5054804094053 9.678578853607178
104.66357145019407 9.880616188049316
106.78700083088758 9.981371641159058
108.31371099893916 10.279082536697388
113.59639967627653 10.38284683227539
105.37319066724625 10.577837944030762
116.60415338726723 10.678014755249023
110.99421821746465 10.88364291191101
108.36811863321425 11.078049182891846
112.47143194129198 11.382708311080933
96.69021527248003 11.681203603744507
116.34564959765191 11.781999588012695
101.15519215654203 11.880534172058105
108.8693000310007 11.987671136856079
112.66604508266097 12.582552433013916
113.17026091045781 12.680699825286865
107.11650477627256 13.185017347335815
103.90682500424228 13.281436204910278
98.2326085136271 13.382190465927124
105.2965896058524 13.478387832641602
95.69782561162955 13.78261661529541
113.85734475694763 14.282689571380615
109.0099738675678 14.382163524627686
99.03837073302333 14.478782415390015
103.9279059384789 14.781197547912598
107.84204749079538 14.883236169815063
108.84456115012026 15.080389738082886
106.85959062630192 15.183626890182495
104.47788581179762 15.384418725967407
95.6365971565948 15.480859756469727
101.02459301266802 15.58057165145874
103.71263724504195 16.081802368164062
98.51676399491122 16.17907476425171
87.98812885047123 16.286341428756714
95.32287960939574 16.379031896591187
99.38951186217396 16.481504201889038
93.49908325250536 16.67861318588257
94.84515943458436 16.88066291809082
98.57422255565871 16.976776838302612
92.55429635988162 17.079021692276
89.23223106785905 17.180437088012695
86.40023148117139 17.27626061439514
89.10652812713599 17.38337206840515
88.11966164317481 17.475791931152344
93.02125926630191 17.57647466659546
95.52437836855854 17.676092863082886
87.89039283113176 17.785080194473267
91.23305520585677 17.88149118423462
77.89404979953339 17.97596001625061
88.22624405427308 18.08325958251953
91.68436268818566 18.183714628219604
78.74248602551961 18.28301978111267
86.50013229096736 18.399377822875977
82.30548038717951 18.486592769622803
81.77070329742729 18.585696697235107
80.12937988096465 18.68013596534729
79.62142897852827 18.77476167678833
84.45855907262548 18.879807710647583
85.091853441099 18.982856035232544
96.73141553341723 19.09763503074646
91.88029823416753 19.219862461090088
86.6030339851294 19.302154541015625
92.68792450361707 19.393378019332886
85.9800495788048 19.50675344467163
89.99635589063487 19.59953737258911
88.4432335325718 19.713446617126465
89.67708328863321 19.79814577102661
82.63606974413305 19.8973491191864
85.70887534006306 19.99834656715393
87.61755613275271 20.09006381034851
83.60354802078176 20.181532621383667
91.45916962785695 20.296291828155518
88.33594766357285 20.397170543670654
83.90831845759904 20.512880325317383
87.12146308639379 20.605430364608765
87.61179084709127 20.727751970291138
83.87818554284505 20.819279670715332
86.64744744023132 20.915502548217773
86.5547161028878 21.00257444381714
81.14157960862957 21.083887100219727
87.62590741318311 21.1848726272583
84.8589214775713 21.287449836730957
80.52928062631766 21.380604028701782
86.90535354209594 21.486127853393555
85.49823790429546 21.58593440055847
79.59257085405233 21.6837317943573
82.4078874804802 21.78461980819702
79.74256957040674 21.921238660812378
84.30791428270408 22.000683307647705
85.0155764378332 22.09849214553833
85.81055235653444 22.19139003753662
86.0084879078086 22.28076410293579
84.11848446875216 22.396936893463135
80.05873017107828 22.510446786880493
90.56496336826528 23.086156606674194
91.62242586757938 23.182321786880493
85.74895225959202 23.384310960769653
89.85493291781889 23.478095769882202
86.23398543055585 23.583317756652832
88.71495121356291 23.68015170097351
85.41205329849234 23.88449001312256
88.6173799718443 24.083244800567627
88.32441249375499 26.087379455566406
88.91782306327126 26.18344473838806
96.34217236565371 26.284921407699585
90.68352137189868 26.383113145828247
94.20452388236846 26.490047216415405
92.11623536726995 26.906712770462036
89.02723179337924 26.991506814956665
90.91629363488863 27.08767342567444
98.7291457955645 27.18904972076416
84.83399654249206 27.391117811203003
81.5377971487894 27.48635482788086
90.0911793474976 27.691166877746582
89.48211850118315 27.89156222343445
90.64152241026224 28.188072681427002
85.40572788900808 28.288690328598022
84.97550710180312 28.886614322662354
89.91344129298935 29.09018325805664
87.65715561188416 29.29093027114868
89.80235160322323 29.48804497718811
86.3174920534569 29.688048124313354
86.68028154666311 29.8995943069458
89.50480646440907 29.987337589263916
81.54679437378068 30.086908102035522
95.07029037685734 30.193101406097412
91.66155098576833 30.396535634994507
85.0086985924667 30.483736991882324
86.34521640629504 30.588638067245483
84.01272594148017 30.68555760383606
93.95383932582854 30.791699171066284
89.58341685955415 30.887927293777466
93.09446579068799 30.995707273483276
96.34727268045826 32.490676164627075
80.87654362344352 32.88554000854492
78.51438021674592 32.98394274711609
88.56885485412522 33.58677673339844
90.11935333352112 33.68602442741394
95.08171099905869 33.988142013549805
89.51556850655678 34.08758497238159
93.76419542226108 34.493149518966675
100.1121964431065 34.69378352165222
89.18749254018415 34.787970304489136
100.678945167299 34.9925582408905
101.78520665636972 35.0891318321228
86.02325267042627 35.19263815879822
87.01434462243911 40.79198455810547
87.68985233984407 40.996362924575806
96.74204605116857 41.6916561126709
87.81915891435172 42.09522223472595
91.93294436580189 42.194920778274536
85.48877164186979 42.290940046310425
75.85054479570276 43.291762590408325
101.05648116066548 43.898592710494995
90.609838696494 44.097264528274536
91.41196349485193 45.50136733055115
86.96263565463043 45.898520708084106
83.9076873713011 46.00689196586609
87.75294319806197 46.1032817363739
80.03444845473182 46.19882273674011
103.54853273442608 46.3986279964447
97.87525694360514 46.49675679206848
96.0095747672668 46.5955114364624
102.86211587594764 46.797892570495605
103.12650078118473 46.894248247146606
99.25084153445408 46.99700117111206
100.35325785194588 47.19592618942261
99.58918562470677 47.2952344417572
101.11904727774 47.39647722244263
95.939862559044 47.49535393714905
94.4427705363193 47.5977680683136
92.63961929011161 47.69386887550354
87.44489103479508 47.89439058303833
85.76927339731213 47.995251417160034
101.57789402049157 48.09607172012329
97.77780934342925 48.198413133621216
87.98295289429652 48.397522926330566
84.48072482571857 48.49443602561951
98.03516244681175 48.59346008300781
84.91505092996844 48.693960428237915
97.38314094451547 48.7952036857605
84.81011453597391 48.89967679977417
96.85726581052141 49.1004695892334
102.79953346527851 49.19895267486572
79.9791652383569 56.49686861038208
88.76489131811564 58.50274395942688
93.87490515810543 58.6031060218811
91.25623991058252 58.704559087753296
84.29900106396222 58.80370116233826
91.04442187089815 58.9067862033844
92.67324291613562 59.00840663909912
77.4974643389169 59.20088529586792
97.12299332827024 59.30979061126709
84.36956859310325 59.50723218917847
92.79600596115246 59.60174250602722
86.28623994610274 59.7033257484436
77.13138142157186 62.80343961715698
102.23291064146541 62.906169414520264
90.17233027757689 63.005643129348755
93.62084911150323 63.90991711616516
83.73988053082103 64.00285840034485
95.11196133823141 64.10776257514954
96.52622351940357 64.20537376403809
84.02042413174516 64.3028314113617
96.6513883823488 64.40423011779785
84.8981760296365 64.60749650001526
92.11083563595274 64.90741562843323
101.25293602020953 66.00927090644836
98.8243391073272 66.20865106582642
84.41420163860529 67.70883631706238
95.31704138529575 69.30973839759827
92.12627204006466 70.61232209205627
93.73518411477517 70.81120705604553
97.98168371729874 70.90957641601562
97.68604055279727 71.21205830574036
93.6769282755117 71.30793380737305
88.55885630025666 71.51053309440613
85.40555316395046 71.60643911361694
96.14065206770252 71.71363711357117
98.2384052105376 71.80876588821411
94.60250760617964 71.90938520431519
96.14622735832616 72.11147952079773
93.8886026111623 72.21099090576172
95.20805008926307 72.31283569335938
91.62424079101665 72.40969944000244
90.77148446808008 72.51185894012451
95.07832672460084 75.81551718711853
95.88280638685826 75.91256213188171
104.09753533396237 76.21631073951721
98.98682224787946 76.41196060180664
94.05644606774295 76.51558947563171
99.21837531942892 76.70933294296265
108.58176987130769 77.40983819961548
101.60162142338748 78.20989513397217
100.8900148064948 78.6110327243805
101.97010053255653 78.81753706932068
100.88783731635662 79.71449851989746
110.50329352822698 80.11503672599792
105.19535399074078 84.1231861114502
95.13327354265103 84.81546640396118
104.45073323536293 85.11610054969788
99.15626079574442 86.41401886940002