E 181.71764755249023 76.63137245178223 6.3792219161987305
D 65.2495002746582 82.73053932189941 6.486222267150879
E 184.76576614379883 82.49099063873291 6.586193561553955
E 184.90631866455078 85.27668857574463 6.678733825683594
E 184.71021842956543 85.37353420257568 6.778308868408203
D 66.15228462219238 88.47715759277344 6.980194807052612
E 185.63999938964844 85.16266632080078 6.981203317642212
D 65.73966026306152 87.81265163421631 7.178269147872925
E 188.5719699859619 87.8636360168457 7.179458856582642
E 189.20101737976074 84.97709941864014 7.281696319580078
D 61.40645217895508 83.85376358032227 7.378538608551025
E 188.5279998779297 86.22666645050049 7.480880260467529
D 67.86129760742188 87.03355693817139 7.7796289920806885
E 181.73333358764648 79.48888874053955 7.879272937774658
E 178.2488021850586 86.5795955657959 8.085070133209229
D 60.65900421142578 84.20498085021973 8.086251735687256
E 192.67156791687012 89.97058868408203 8.283925533294678
D 73.86874961853027 91.1666669845581 8.284898519515991
E 178.4058952331543 75.63492107391357 8.379065990447998
D 63.21464729309082 77.96969699859619 8.379997253417969
E 174.44859886169434 74.61526489257812 8.47769284248352
D 62.90045166015625 77.25490188598633 8.4788179397583
D 67.01499938964844 84.23999977111816 8.572803497314453
D 67.0439567565918 80.65201473236084 8.676352500915527
E 182.68024063110352 79.07541465759277 8.77875542640686
E 186.4183006286621 79.06753826141357 8.881694555282593
E 180.08653831481934 77.24679470062256 8.979553937911987
D 68.43457984924316 79.50467300415039 8.98051905632019
E 183.58527183532715 77.96511650085449 9.08147382736206
D 66.17274856567383 79.41849136352539 9.082454204559326
E 186.77407455444336 83.8555555343628 9.28083062171936
D 70.92473030090332 86.37096786499023 9.281622648239136
D 70.72079849243164 84.28062725067139 9.379742860794067
E 184.71453857421875 82.25 9.380948066711426
E 184.78128051757812 88.99503898620605 9.47767686843872
E 181.8769016265869 85.39972305297852 9.5812349319458
D 67.82242965698242 87.81308364868164 9.582051515579224
D 69.42499923706055 84.68541622161865 9.678578853607178
E 184.1606216430664 82.86010360717773 9.679539442062378
E 185.44561386108398 76.90877151489258 9.780144214630127
E 180.39300346374512 83.3271598815918 9.879655838012695
D 63.241905212402344 83.39619064331055 9.880616188049316
E 181.29339408874512 83.11059951782227 9.980465412139893
D 66.72626876831055 83.37306880950928 9.981371641159058
E 183.04669952392578 81.98550701141357 10.076701402664185
E 186.29100608825684 84.8333330154419 10.179497241973877
D 69.1167984008789 83.39501285552979 10.279082536697388
E 180.468412399292 84.03612518310547 10.280510425567627
E 190.7672576904297 84.12031555175781 10.382013320922852
D 74.11323738098145 86.0893144607544 10.38284683227539
D 67.36538505554199 81.02724361419678 10.577837944030762
D 75.50917434692383 88.85321140289307 10.678014755249023
E 186.5131320953369 80.12323188781738 10.780869483947754
D 72.05439376831055 84.42677783966064 10.88364291191101
D 72.93023300170898 80.15503883361816 11.078049182891846
E 188.07391357421875 79.65942001342773 11.079029560089111
E 188.2648811340332 84.3392858505249 11.180416584014893
E 186.5932445526123 84.8428783416748 11.280081510543823
D 68.34388160705566 89.32489490509033 11.382708311080933
E 185.90522956848145 86.78431415557861 11.384055614471436
E 185.3333339691162 81.13645267486572 11.489337921142578
E 183.21374130249023 79.04325675964355 11.588740587234497
E 176.14084434509277 74.2691707611084 11.680469036102295
D 60.208980560302734 75.65630435943604 11.681203603744507
E 188.89430809020996 86.71869945526123 11.781020641326904
D 74.10309219360352 89.69415760040283 11.781999588012695
D 65.10674095153809 77.4176025390625 11.880534172058105
E 185.93181800842285 84.1575756072998 11.986754417419434
D 69.12670516967773 84.10721206665039 11.987671136856079
E 187.04972457885742 85.26703453063965 12.079673290252686
E 190.125 85.0533332824707 12.180833578109741
E 191.87483596801758 82.02766799926758 12.3861083984375
E 192.5954418182373 83.78917407989502 12.480453252792358
D 69.98003959655762 88.29740524291992 12.582552433013916
E 192.98587608337402 86.1666669845581 12.583504438400269
D 69.75579261779785 89.11586475372314 12.680699825286865
E 187.43526077270508 85.50413227081299 12.782161474227905
E 172.6289005279541 76.83251190185547 13.081137895584106
D 65.32627868652344 84.89065265655518 13.185017347335815
E 178.67159271240234 82.82430171966553 13.185830354690552
D 64.71675300598145 81.29188251495361 13.281436204910278
E 175.56044006347656 78.77289390563965 13.282742500305176
E 172.54891395568848 73.36775398254395 13.381282806396484
D 62.26041603088379 75.9821424484253 13.382190465927124
D 68.80736923217773 79.70519256591797 13.478387832641602
E 179.26502799987793 76.10382556915283 13.479629039764404
E 174.11504364013672 73.44837760925293 13.681887865066528
E 170.60905265808105 70.05967140197754 13.781423091888428
D 61.492753982543945 73.32608699798584 13.78261661529541
E 172.65367889404297 72.67099571228027 13.883870840072632
E 174.05882263183594 69.76862716674805 13.978216409683228
E 176.0 74.5 14.080555200576782
E 173.85964965820312 67.5192985534668 14.17873215675354
D 76.25287437438965 84.55172443389893 14.282689571380615
E 182.90985298156738 79.30817604064941 14.283633947372437
D 68.53676414489746 84.76960754394531 14.382163524627686
E 184.25617218017578 81.88888931274414 14.38319444656372
D 61.87473487854004 77.33121013641357 14.478782415390015
E 176.05555534362793 75.8333330154419 14.480093002319336
E 176.73092460632324 74.81927680969238 14.581279277801514
D 65.24273490905762 80.89743614196777 14.781197547912598
E 178.89599990844727 79.20266628265381 14.78257155418396
D 67.7472038269043 83.90604019165039 14.883236169815063
E 184.1142864227295 83.16507911682129 14.981479406356812
D 71.17033767700195 82.3524227142334 15.080389738082886
D 68.44761848449707 82.06031703948975 15.183626890182495
E 177.00239753723145 76.38848876953125 15.28045129776001
D 67.27293014526367 79.93735980987549 15.384418725967407
E 182.70329666137695 77.56410217285156 15.385384321212769
E 172.60977172851562 71.71361923217773 15.479976177215576
D 61.655914306640625 73.10887050628662 15.480859756469727
E 180.26060676574707 72.7060604095459 15.579583406448364
D 65.71048545837402 76.73395919799805 15.58057165145874
E 183.19847297668457 81.65903282165527 15.787855386734009
E 181.93589782714844 81.84615421295166 15.880918264389038
E 176.79928398132324 78.72401428222656 16.08070135116577
D 63.059112548828125 82.3399019241333 16.081802368164062
D 60.027971267700195 78.11655044555664 16.17907476425171
E 173.61485290527344 74.83074283599854 16.180376768112183
E 166.5504207611084 65.67086791992188 16.285426139831543
D 55.11111068725586 68.59064292907715 16.286341428756714
D 58.001495361328125 75.64573955535889 16.379031896591187
E 169.6797389984131 71.38235282897949 16.38008713722229
E 175.7088794708252 71.96943187713623 16.4805006980896
D 64.29970741271973 75.78801155090332 16.481504201889038
E 175.64868545532227 77.17565727233887 16.582866668701172
D 58.07589340209961 73.27529716491699 16.67861318588257
E 177.60451889038086 80.23163795471191 16.785524606704712
D 60.327327728271484 73.18618583679199 16.88066291809082
E 168.4508399963379 69.17026329040527 16.881714582443237
D 64.81341743469238 74.27044010162354 16.976776838302612
E 173.73931694030762 68.81196594238281 16.97771143913269
D 56.46698188781738 73.3333330154419 17.079021692276
E 160.92432403564453 66.54594612121582 17.08036780357361
D 54.617605209350586 70.56421375274658 17.180437088012695
E 160.86021423339844 64.9641580581665 17.181612491607666
D 52.0 69.0 17.27626061439514
E 157.68205070495605 63.907691955566406 17.27760934829712
E 158.07039260864258 64.3933744430542 17.381831169128418
D 54.58771896362305 70.42836284637451 17.38337206840515
D 54.75694465637207 69.0416669845581 17.475791931152344
E 158.20593452453613 62.22164058685303 17.476684093475342
D 60.42582893371582 70.72251319885254 17.57647466659546
E 164.67342376708984 64.35810852050781 17.577844858169556
D 59.47782516479492 74.74821186065674 17.676092863082886
E 164.4101219177246 68.84293174743652 17.677402019500732
E 161.30341911315918 63.04273509979248 17.78354811668396
D 56.823734283447266 67.05061054229736 17.785080194473267
E 161.5833339691162 67.91379356384277 17.880604028701782
D 55.96666717529297 72.05000019073486 17.88149118423462
E 151.12121200561523 57.68080806732178 17.974689722061157
D 47.474910736083984 61.75448036193848 17.97596001625061
D 54.08833312988281 69.70166683197021 18.08325958251953
E 158.65384674072266 63.90109920501709 18.08477759361267
D 56.7977352142334 71.97249221801758 18.183714628219604
E 161.27482223510742 68.77304935455322 18.1852285861969
D 48.554054260253906 61.99099063873291 18.28301978111267
E 152.75545120239258 58.431464195251465 18.2852144241333
D 54.00167465209961 67.5728645324707 18.399377822875977
E 159.423002243042 63.374268531799316 18.401111841201782
E 155.81353187561035 62.204620361328125 18.48507261276245
D 50.71329879760742 64.8255615234375 18.486592769622803
E 151.92769050598145 63.388007164001465 18.584300994873047
D 47.03535270690918 66.88888931274414 18.585696697235107
D 47.97391319274902 64.18115901947021 18.68013596534729
E 152.81122970581055 64.18813896179199 18.68145442008972
D 48.70623970031738 62.98630142211914 18.77476167678833
E 156.51436805725098 59.32758617401123 18.77605438232422
D 51.69365692138672 66.79082298278809 18.879807710647583
E 157.39523887634277 64.07460308074951 18.88115930557251
D 53.69814109802246 66.00858402252197 18.982856035232544
E 159.87250328063965 63.552995681762695 18.98406481742859
D 60.51953125 75.4609375 19.09763503074646
E 166.34983444213867 71.71122074127197 19.0991632938385
E 164.77044105529785 65.56918239593506 19.21787714958191
D 59.33333396911621 70.1537218093872 19.219862461090088
E 160.32148933410645 64.06091403961182 19.298848390579224
D 54.37014389038086 67.40899753570557 19.302154541015625
E 166.13816833496094 66.29360961914062 19.391597747802734
D 60.44761848449707 70.26476192474365 19.393378019332886
E 160.47474670410156 63.2457914352417 19.505203247070312
D 55.135000228881836 65.97500038146973 19.50675344467163
E 165.90740776062012 64.64259243011475 19.597613096237183
D 58.72859764099121 68.19307804107666 19.59953737258911
E 164.07509231567383 65.15201473236084 19.71098041534424
D 56.72148132324219 67.85925960540771 19.713446617126465
E 163.5966854095459 67.4143648147583 19.79625368118286
D 56.77361869812012 69.41711235046387 19.79814577102661
D 51.538095474243164 64.5952377319336 19.8973491191864
E 157.68817138671875 61.60573482513428 19.899279356002808
E 160.4301586151123 62.53650760650635 19.9967999458313
D 54.35632133483887 66.26765155792236 19.99834656715393
E 161.60190391540527 63.40571403503418 20.088806867599487
D 55.3145751953125 67.94949531555176 20.09006381034851
E 159.0820140838623 63.41539192199707 20.180582523345947
D 54.09478759765625 63.744075775146484 20.181532621383667
E 163.00915718078613 68.71794891357422 20.29514193534851
D 56.184011459350586 72.16742038726807 20.296291828155518
E 164.1888885498047 63.11746025085449 20.395348072052002
D 57.31123352050781 67.22099494934082 20.397170543670654
E 157.48484802246094 60.11212158203125 20.5117130279541
D 52.906349182128906 65.12698459625244 20.512880325317383
E 160.04855918884277 67.0006332397461 20.603731393814087
D 54.53107261657715 67.94491481781006 20.605430364608765
E 161.67198371887207 68.13379669189453 20.72598910331726
D 55.932960510253906 67.43389225006104 20.727751970291138
E 162.05059432983398 58.875 20.817597150802612
D 54.44765853881836 63.80440807342529 20.819279670715332
D 54.201101303100586 67.6019287109375 20.915502548217773
D 54.70512771606445 67.07509136199951 21.00257444381714
E 163.04938316345215 62.88888931274414 21.004042387008667
E 155.10726165771484 60.133663177490234 21.082948446273804
D 49.254032135009766 64.4825267791748 21.083887100219727
E 164.01895713806152 62.40442371368408 21.18349599838257
D 57.76358222961426 65.89133644104004 21.1848726272583
E 158.92144393920898 64.2314224243164 21.286457300186157
D 52.272451400756836 66.84779262542725 21.287449836730957
E 159.1142864227295 57.765079498291016 21.379230260849
D 50.733333587646484 62.53873920440674 21.380604028701782
E 164.76363563537598 63.13333320617676 21.48476767539978
D 55.68807411193848 66.71865463256836 21.486127853393555
D 53.23963928222656 66.89909934997559 21.58593440055847
E 159.4695644378662 62.32318878173828 21.58715796470642
E 157.46039581298828 59.79207897186279 21.682502269744873
D 49.80378341674805 62.08510684967041 21.6837317943573
D 51.33807182312012 64.46287536621094 21.78461980819702
E 157.40968322753906 60.364990234375 21.786154747009277
E 155.68262481689453 60.35460948944092 21.91991925239563
D 48.28993034362793 63.458333015441895 21.921238660812378
E 159.70125770568848 62.473270416259766 21.99940037727356
D 52.55963325500488 65.91896057128906 22.000683307647705
D 51.79266357421875 67.41786289215088 22.09849214553833
E 157.8773593902588 63.60220146179199 22.099865198135376
D 50.87131690979004 69.10542678833008 22.19139003753662
E 156.69097137451172 64.79861068725586 22.19271969795227
E 159.41983032226562 65.14346027374268 22.27992582321167
D 52.11433219909668 68.42189979553223 22.28076410293579
D 52.31450080871582 65.87193965911865 22.396936893463135
E 160.80246925354004 61.416666984558105 22.398239135742188
E 155.28095245361328 61.35873031616211 22.508382320404053
D 48.877960205078125 63.406192779541016 22.510446786880493
E 158.56910514831543 60.191057205200195 22.783433437347412
D 55.32653045654297 71.70068073272705 23.086156606674194
D 56.7946662902832 71.89599990844727 23.182321786880493
D 52.21883010864258 68.01526737213135 23.384310960769653
D 52.1860466003418 73.1472864151001 23.478095769882202
D 50.51798629760742 69.88729000091553 23.583317756652832
D 54.68577575683594 69.8556261062622 23.68015170097351
E 157.51922988891602 64.12820529937744 23.88302755355835
D 50.62192344665527 68.7941837310791 23.88449001312256
E 155.1785717010498 61.504761695861816 23.98310160636902
D 53.138498306274414 70.91784000396729 24.083244800567627
E 161.11594200134277 66.69927501678467 24.0844988822937
D 52.91666603088379 70.71794891357422 26.087379455566406
D 55.79940986633301 69.23008823394775 26.18344473838806
D 57.61538505554199 77.21581172943115 26.284921407699585
E 166.83568000793457 68.6807508468628 26.381612062454224
D 57.06338119506836 70.47887325286865 26.383113145828247
D 58.33734893798828 73.96787166595459 26.490047216415405
E 166.59055137634277 74.22309684753418 26.588529109954834
E 164.5893726348877 72.734299659729 26.788981199264526
D 55.74050712585449 73.33755302429199 26.906712770462036
D 51.19160079956055 72.83727073669434 26.991506814956665
D 53.29287147521973 73.65895938873291 27.08767342567444
D 56.90338134765625 80.68115901947021 27.18904972076416
D 49.449275970458984 68.93167686462402 27.391117811203003
D 48.397701263427734 65.62068939208984 27.48635482788086
E 158.72083282470703 64.46249961853027 27.48775005340576
D 54.10657501220703 72.03401374816895 27.691166877746582
E 162.4782600402832 72.65700435638428 27.692875146865845
D 54.006622314453125 71.34657859802246 27.89156222343445
E 164.6666660308838 70.97222232818604 27.89313054084778
E 170.4228858947754 73.14427852630615 28.091959238052368
D 56.02816963195801 71.2511739730835 28.188072681427002
E 165.1394557952881 69.56122493743896 28.189297437667847
D 52.509803771972656 67.35620880126953 28.288690328598022
E 165.90361404418945 67.50200843811035 28.686114072799683
D 52.06875038146973 67.15416622161865 28.886614322662354
E 165.60000038146973 69.6666669845581 29.088602542877197
D 55.800838470458984 70.50314426422119 29.09018325805664
E 160.97101402282715 70.55797100067139 29.289783000946045
D 51.35390853881836 71.03909492492676 29.29093027114868
E 167.41798973083496 77.37036991119385 29.390514850616455
D 51.432098388671875 73.61522674560547 29.48804497718811
E 161.60892295837402 71.43569564819336 29.488961696624756
D 47.63559341430664 71.98305130004883 29.688048124313354
E 163.25157165527344 73.3459119796753 29.78823161125183
E 160.8364772796631 70.71069145202637 29.89844822883606
D 48.31428527832031 71.96666622161865 29.8995943069458
D 50.719539642333984 73.74712657928467 29.987337589263916
E 162.40935707092285 71.6432752609253 29.988364458084106
D 46.89357376098633 66.71485900878906 30.086908102035522
D 55.40368461608887 77.25795650482178 30.193101406097412
D 53.138702392578125 74.68680095672607 30.396535634994507
D 47.682796478271484 70.37634372711182 30.483736991882324
D 48.42156791687012 71.49019622802734 30.588638067245483
E 160.3333339691162 70.29696941375732 30.589502811431885
D 48.73782730102539 68.43071174621582 30.68555760383606
D 53.55633735656738 77.1948356628418 30.791699171066284
E 164.8392162322998 74.63137245178223 30.792669773101807
D 51.39705848693848 73.37254905700684 30.887927293777466
E 163.19918632507324 72.91463375091553 30.88948965072632
D 53.53741455078125 76.15986347198486 30.995707273483276
E 165.59154891967773 75.83568096160889 30.997122287750244
D 59.4399995803833 75.82666683197021 32.490676164627075
D 48.05314064025879 65.05313968658447 32.88554000854492
D 44.76893901824951 64.5 32.98394274711609
D 50.0 73.10569095611572 33.58677673339844
D 53.13333320617676 72.78974342346191 33.68602442741394
D 54.69398880004883 77.77595615386963 33.988142013549805
D 51.807692527770996 73.0 34.08758497238159
D 50.651041984558105 78.90625 34.493149518966675
D 54.56451606750488 83.93548393249512 34.69378352165222
D 51.763712882995605 72.62869167327881 34.787970304489136
D 55.5 84.0 34.9925582408905
D 56.62222194671631 84.58222198486328 35.0891318321228
D 50.0 70.0 35.19263815879822
E 165.17222213745117 67.0666675567627 37.68951201438904
E 173.48648643493652 70.60360336303711 38.69190192222595
E 174.77435874938965 76.08717918395996 40.09191632270813
D 49.0892858505249 71.8452377319336 40.79198455810547
D 49.53801155090332 72.3567247390747 40.996362924575806
D 53.308176040649414 80.72955989837646 41.6916561126709
D 48.0892858505249 73.4821424484253 42.09522223472595
D 53.078125 75.0625 42.194920778274536
D 50.21693134307861 69.18518543243408 42.290940046310425
D 41.06010913848877 63.77595615386963 43.291762590408325
D 57.77435874938965 82.91282081604004 43.898592710494995
D 52.9375 73.53750038146973 44.097264528274536
D 50.666666984558105 76.08571434020996 45.50136733055115
D 49.5 71.5 45.898520708084106
D 45.5 70.5 46.00689196586609
D 49.9375 72.15833377838135 46.1032817363739
D 42.03125 68.109375 46.19882273674011
D 61.08888912200928 83.60888862609863 46.3986279964447
D 59.05313968658447 78.05313968658447 46.49675679206848
D 54.16078472137451 79.27450942993164 46.5955114364624
D 59.85310745239258 83.65536689758301 46.797892570495605
D 62.10441780090332 82.32931709289551 46.894248247146606
D 59.18222236633301 79.67555522918701 46.99700117111206
D 56.097378730773926 83.20973777770996 47.19592618942261
D 59.60784339904785 79.78039169311523 47.2952344417572
D 59.207207679748535 81.97297286987305 47.39647722244263
D 55.0 78.60952377319336 47.49535393714905
D 54.4399995803833 77.17333316802979 47.5977680683136
D 52.58937168121338 76.265700340271 47.69386887550354
D 49.80555534362793 71.875 47.89439058303833
D 49.073530197143555 70.34313678741455 47.995251417160034
D 58.09319019317627 83.32616519927979 48.09607172012329
D 55.5 80.5 48.198413133621216
D 46.0 75.0 48.397522926330566
D 44.9375 71.53750038146973 48.49443602561951
D 53.28787899017334 82.28787899017334 48.59346008300781
D 48.282700538635254 69.85232067108154 48.693960428237915
D 54.59064292907715 80.6432752609253 48.7952036857605
D 48.12206554412842 69.83568096160889 48.89967679977417
D 53.80263137817383 80.53947353363037 49.1004695892334
D 58.44444465637207 84.56944465637207 49.19895267486572
E 172.5 73.5 52.298688650131226
E 169.85310745239258 72.65536689758301 52.69806623458862
D 49.45029258728027 62.85964870452881 56.49686861038208
D 51.511627197265625 72.2894058227539 58.50274395942688
D 56.71095657348633 74.80885791778564 58.6031060218811
D 53.62291717529297 73.83958339691162 58.704559087753296
D 51.42753601074219 66.79468631744385 58.80370116233826
E 164.69191932678223 67.32323265075684 58.90546679496765
D 54.18905448913574 73.16169166564941 58.9067862033844
D 53.073530197143555 75.97058868408203 59.00840663909912
D 40.30601119995117 66.19125652313232 59.20088529586792
E 150.61754417419434 63.329824447631836 59.2025945186615
D 56.5883846282959 78.9343433380127 59.30979061126709
D 46.91269874572754 70.12433815002441 59.50723218917847
D 54.22592544555664 75.30370330810547 59.60174250602722
D 48.92490768432617 71.07509136199951 59.7033257484436
E 161.80086517333984 70.79653644561768 59.80323553085327
E 165.42307662963867 72.442307472229 60.102824449539185
E 157.67156791687012 65.97058868408203 60.60494112968445
E 156.52884674072266 63.400641441345215 60.80242109298706
E 158.20481872558594 70.78714847564697 61.004502058029175
E 164.65350914001465 70.75 61.10174584388733
E 164.60552215576172 68.1321496963501 61.30215406417847
E 156.8660125732422 64.65359497070312 61.80474925041199
E 156.88259887695312 64.63941287994385 62.00410461425781
E 157.0 73.5 62.204745054244995
E 157.21917724609375 63.76255702972412 62.408243894577026
E 156.99259185791016 66.35370349884033 62.50305151939392
D 44.5 63.0 62.80343961715698
E 155.12538146972656 66.35168170928955 62.804768800735474
D 64.5 79.31782913208008 62.906169414520264
D 54.2647762298584 72.01654815673828 63.005643129348755
E 163.74492835998535 72.25507259368896 63.00688982009888
D 55.25157165527344 75.57861614227295 63.90991711616516
D 49.05769157409668 67.86538505554199 64.00285840034485
D 56.68279552459717 76.37634372711182 64.10776257514954
E 168.9047622680664 74.48571395874023 64.20419096946716
D 57.765625 77.3333330154419 64.20537376403809
D 51.68229103088379 66.2447919845581 64.3028314113617
D 57.54789352416992 77.65134143829346 64.40423011779785
D 49.95333290100098 68.64666652679443 64.60749650001526
D 54.98587608337402 73.89830493927002 64.90741562843323
E 169.41314506530762 65.30046939849854 65.20361804962158
E 178.33602142333984 79.40322589874268 65.30879306793213
E 167.68279647827148 65.06451606750488 65.40311241149902
E 168.03985595703125 67.81521701812744 65.50450015068054
E 174.630952835083 74.5178575515747 65.60910654067993
E 171.20666694641113 70.9399995803833 65.70738315582275
E 168.24561309814453 69.79949855804443 65.808185338974
E 170.80222129821777 75.52444458007812 65.90769100189209
D 63.9523811340332 78.5 66.00927090644836
E 172.71289443969727 74.15571784973145 66.01012396812439
E 169.24268913269043 74.42982482910156 66.10577917098999
D 65.5 74.0 66.20865106582642
E 172.5115509033203 73.20131969451904 66.41633176803589
E 173.04938316345215 77.88888931274414 66.50587129592896
E 168.77407455444336 73.30370330810547 66.61079668998718
E 169.94845390319824 75.04811000823975 66.70794367790222
E 171.49242401123047 73.58838367462158 66.81046271324158
E 162.0335922241211 66.68475437164307 67.00812268257141
E 166.531644821167 72.57805919647217 67.10688138008118
E 164.26537132263184 71.76051807403564 67.20746326446533
E 164.73895645141602 66.08032131195068 67.30810260772705
E 166.9775276184082 68.28464412689209 67.40857195854187
E 163.34591102600098 69.176100730896 67.61140871047974
D 48.77450942993164 68.89705848693848 67.70883631706238
E 161.3813819885254 69.14114093780518 67.80946397781372
E 163.00424575805664 71.74097633361816 68.11002707481384
E 163.37745094299316 66.12745094299316 68.30713081359863
E 168.43548393249512 66.93548393249512 68.40667581558228
E 168.26873397827148 72.18087863922119 68.5072557926178
E 167.8210792541504 74.18627452850342 68.6077094078064
E 170.33030319213867 69.85454559326172 68.7056040763855
E 165.0028247833252 67.7457628250122 68.80861806869507
E 161.2888889312744 63.916666984558105 68.90555047988892
E 166.5256404876709 75.1435899734497 69.01018381118774
E 174.4523811340332 79.38333320617676 69.10535335540771
E 167.4550266265869 70.88624382019043 69.21069002151489
E 168.8844451904297 71.81777763366699 69.30881571769714
D 59.67407417297363 74.32592582702637 69.30973839759827
E 171.79666709899902 72.35000038146973 69.40885639190674
E 171.00826454162598 74.88154315948486 69.50968289375305
E 166.21784782409668 70.16797924041748 69.604736328125
E 169.95327186584473 70.02492237091064 69.70881175994873
E 167.7606258392334 71.83445167541504 69.80760169029236
E 170.28205108642578 71.442307472229 69.90825533866882
E 172.0297031402588 73.30033016204834 70.01008081436157
E 172.94835662841797 75.6948356628418 70.10669875144958
E 165.1477279663086 69.1363639831543 70.31467819213867
D 53.5 75.0 70.61232209205627
E 168.42307662963867 73.557692527771 70.61361646652222
D 53.33333396911621 77.0833330154419 70.81120705604553
D 58.405128479003906 78.67179489135742 70.90957641601562
D 62.35000038146973 75.19999980926514 71.21205830574036
D 56.66666603088379 74.59393978118896 71.30793380737305
E 169.6243381500244 72.37301540374756 71.30927228927612
D 51.4929084777832 72.04964542388916 71.51053309440613
D 49.71794891357422 69.442307472229 71.60643911361694
D 58.91452980041504 75.97435855865479 71.71363711357117
D 56.48387050628662 80.37634372711182 71.80876588821411
D 53.71794891357422 77.87179470062256 71.90938520431519
D 55.59433937072754 78.44339656829834 72.11147952079773
D 53.17105293273926 77.38157939910889 72.21099090576172
D 53.979674339294434 78.42682933807373 72.31283569335938
D 52.849358558654785 74.84615421295166 72.40969944000244
D 51.945945739746094 74.43843841552734 72.51185894012451
E 171.86666679382324 66.21025657653809 72.71212959289551
E 166.98333358764648 65.36250019073486 72.807932138443
E 169.6354160308838 64.2708330154419 72.90985631942749
E 168.17083358764648 62.92500019073486 73.0092842578888
E 167.04938316345215 69.30555534362793 73.11061120033264
E 167.54545402526855 68.91774845123291 73.31359910964966
E 165.4329013824463 68.16450214385986 73.41030883789062
E 168.41319465637207 63.375 73.50938725471497
E 166.96474266052246 66.442307472229 73.60908794403076
E 167.04938316345215 66.88888931274414 73.70796608924866
E 165.67123222351074 67.61187171936035 73.81159400939941
E 173.3333339691162 70.59393978118896 74.21562790870667
E 175.0196075439453 74.65359497070312 74.81773614883423
E 175.86666679382324 71.21025657653809 74.91000866889954
E 169.6948356628418 68.60093879699707 75.01343107223511
D 57.666666984558105 75.59393978118896 75.81551718711853
D 55.30808067321777 78.32323265075684 75.91256213188171
D 62.161458015441895 83.5 76.21631073951721
D 56.18686866760254 81.49494934082031 76.41196060180664
D 52.367231369018555 78.12994384765625 76.51558947563171
D 57.48076915740967 80.87179470062256 76.70933294296265
E 179.61666679382324 77.11666679382324 76.91193389892578
E 178.22222137451172 72.88095283508301 77.11133909225464
E 176.67105293273926 73.91228103637695 77.31592035293579
D 73.21999931335449 80.18000030517578 77.40983819961548
E 174.34782600402832 71.12681198120117 77.51278114318848
E 178.53932571411133 75.75655460357666 77.61089372634888
E 179.3870964050293 69.25089645385742 77.71118807792664
E 175.34599113464355 70.8016881942749 77.81208395957947
E 176.71604919433594 75.4259262084961 77.91023850440979
E 176.1797752380371 75.11610412597656 78.0129325389862
E 178.57189559936523 73.15686321258545 78.11120176315308
D 65.32444381713867 77.81777763366699 78.20989513397217
E 177.26060676574707 74.20302963256836 78.21084094047546
E 179.475248336792 79.2211217880249 78.41477537155151
E 172.21399116516113 68.64609050750732 78.51166534423828
D 65.0 77.16083908081055 78.6110327243805
E 177.5911102294922 73.67555522918701 78.81621193885803
D 66.8419246673584 77.00687313079834 78.81753706932068
E 173.60869598388672 69.48792266845703 78.91445446014404
E 171.82478713989258 67.89743614196777 79.0122013092041
E 177.4795322418213 72.96491241455078 79.11217141151428
E 173.86666679382324 70.21025657653809 79.21411895751953
D 59.594594955444336 81.40540504455566 79.71449851989746
D 67.5773811340332 87.43154716491699 80.11503672599792
D 58.71604919433594 87.28395080566406 84.1231861114502
D 54.97674369812012 77.63953495025635 84.81546640396118
D 61.995168685913086 84.0628023147583 85.11610054969788
D 57.91228103637695 80.48684215545654 86.41401886940002
E 167.44000053405762 65.82666683197021 88.72721433639526
E 173.91379356384277 69.96551704406738 88.83520483970642
E 171.62345695495605 66.83950614929199 89.12642455101013
E 172.43548393249512 72.93548393249512 89.72636103630066
E 196.43548393249512 91.06451606750488 104.9343011379242
E 184.87878799438477 76.49494934082031 105.0350079536438
E 193.24930000305176 91.71708679199219 105.13317155838013
E 192.85523796081543 86.84000015258789 105.23523163795471
E 191.14345932006836 88.14767932891846 105.43300318717957
E 198.66124725341797 90.1409215927124 105.5334529876709
E 187.6511631011963 85.74160194396973 105.73899507522583
E 196.92024612426758 91.96319007873535 105.83322095870972
E 193.96969604492188 86.0740737915039 105.93215847015381
E 197.13118362426758 97.32473087310791 106.04268527030945
E 192.84469604492188 88.34848499298096 106.14693188667297
E 185.71764755249023 79.63137245178223 106.24100112915039
E 188.0 82.64197540283203 106.33261227607727
E 193.9845676422119 90.09876537322998 106.53072738647461