197.2147831067814 6.3792219161987305
202.34414218174066 6.586193561553955
203.62332945053456 6.678733825683594
203.48588436187933 6.778308868408203
204.2422314514232 6.981203317642212
208.03703131530997 7.179458856582642
207.40813003144783 7.281696319580078
207.3109855872055 7.480880260467529
198.35697106500862 7.879272937774658
198.16322022197997 8.085070133209229
212.64298697983284 8.283925533294678
193.77642978391455 8.379065990447998
189.73600448991735 8.47769284248352
199.0602710746374 8.77875542640686
202.49310708268158 8.881694555282593
195.95465948462422 8.979553937911987
199.45453473371515 9.08147382736206
204.73472866039452 9.28083062171936
202.19921676575936 9.380948066711426
205.09568155832105 9.47767686843872
200.9286441571052 9.5812349319458
201.94289126818228 9.679539442062378
200.76113876008029 9.780144214630127
198.7084579795312 9.879655838012695
199.43587062619622 9.980465412139893
200.5684859755413 10.076701402664185
204.69741898686414 10.179497241973877
199.07515718871477 10.280510425567627
208.4907050572138 10.382013320922852
202.994780061364 10.780869483947754
204.24842756799475 11.079029560089111
206.29294851300224 11.180416584014893
204.97646918115066 11.280081510543823
205.1640113771515 11.384055614471436
202.31551752836134 11.489337921142578
199.5372432435277 11.588740587234497
191.15832906819645 11.680469036102295
207.84896551123626 11.781020641326904
204.091005387341 11.986754417419434
205.567669254374 12.079673290252686
208.28246476230072 12.180833578109741
208.6731678849768 12.3861083984375
210.03244964088995 12.480453252792358
211.3486287319961 12.583504438400269
206.01682847844407 12.782161474227905
188.95494749447295 13.081137895584106
196.93502227317714 13.185830354690552
192.42306756091043 13.282742500305176
187.49921341629857 13.381282806396484
194.75046220755692 13.479629039764404
188.97278268374555 13.681887865066528
184.43374530123532 13.781423091888428
187.32422815391914 13.883870840072632
187.52102568169153 13.978216409683228
191.11841878793368 14.080555200576782
186.51014303899214 14.17873215675354
199.36348989881077 14.283633947372437
201.63364595068316 14.38319444656372
191.69312184735307 14.480093002319336
191.91598134217818 14.581279277801514
195.64468081070999 14.78257155418396
202.02599052958018 14.981479406356812
192.78239014604242 15.28045129776001
198.48598075636392 15.385384321212769
186.91435600174762 15.479976177215576
194.3709277948527 15.579583406448364
200.573872033117 15.787855386734009
199.4980297587444 15.880918264389038
193.53412422882118 16.08070135116577
189.05490531247023 16.180376768112183
179.0299012708717 16.285426139831543
184.08328039767898 16.38008713722229
189.8768270474592 16.4805006980896
191.85552579376036 16.582866668701172
194.88581492550867 16.785524606704712
182.09945309949674 16.881714582443237
186.8701070469547 16.97771143913269
174.14075057693097 17.08036780357361
173.48299730930776 17.181612491607666
170.1405954074685 17.27760934829712
170.68320272251103 17.381831169128418
170.00191256601005 17.476684093475342
176.8030051427662 17.577844858169556
178.24151435786018 17.677402019500732
173.1853904532888 17.78354811668396
175.27537526077984 17.880604028701782
161.75505042299395 17.974689722061157
171.03915798798283 18.08477759361267
175.32626900863804 18.1852285861969
163.54957621482086 18.2852144241333
171.55754590260838 18.401111841201782
167.77148598569664 18.48507261276245
164.6209664493098 18.584300994873047
165.74495198219557 18.68145442008972
167.3813307677871 18.77605438232422
169.93768263953876 18.88115930557251
172.0412757606275 18.98406481742859
181.1484656273146 19.0991632938385
177.33757618065266 19.21787714958191
172.64640352436115 19.298848390579224
178.87630825246487 19.391597747802734
172.48818644769747 19.505203247070312
178.05598194369827 19.597613096237183
176.53730750774085 19.71098041534424
176.94228454602717 19.79625368118286
169.2950854532758 19.899279356002808
172.18783515942326 19.9967999458313
173.59567944328685 20.088806867599487
171.25594628391346 20.180582523345947
176.90150318094766 20.29514193534851
175.90282803792093 20.395348072052002
168.56732933089532 20.5117130279541
173.50684756790287 20.603731393814087
175.44242523189098 20.72598910331726
172.41421271940553 20.817597150802612
174.75729955848144 21.004042387008667
166.35600399774773 21.082948446273804
175.48940252817056 21.18349599838257
171.41091263503068 21.286457300186157
169.27539854703718 21.379230260849
176.44510021394495 21.48476767539978
171.21542524529428 21.58715796470642
168.43060576201825 21.682502269744873
168.5874859525178 21.786154747009277
166.97232871497258 21.91991925239563
171.48586305955905 21.99940037727356
170.2072285152053 22.099865198135376
169.5609638368649 22.19271969795227
172.2160059820708 22.27992582321167
172.13204553925397 22.398239135742188
166.96427157003626 22.508382320404053
169.60873938278417 22.783433437347412
170.0727329695042 23.88302755355835
166.9228109829289 23.98310160636902
174.37643205073536 24.0844988822937
180.41948248622924 26.381612062454224
182.37730098209136 26.588529109954834
179.94426895941191 26.788981199264526
171.31175274813347 27.48775005340576
177.98377810284154 27.692875146865845
179.31025415164657 27.89313054084778
185.4563170070987 28.091959238052368
179.19208653051865 28.189297437667847
179.11038578514115 28.686114072799683
179.6574646795398 29.088602542877197
175.75578120582207 29.289783000946045
184.43144370120007 29.390514850616455
176.69324433182777 29.488961696624756
178.97122241312192 29.78823161125183
175.69397914941553 29.89844822883606
177.50931849991207 29.988364458084106
175.06696401780346 30.589502811431885
180.94697831717315 30.792669773101807
178.74707894731068 30.88948965072632
182.13075407664942 30.997122287750244
178.2689004369322 37.68951201438904
187.3030426431575 38.69190192222595
190.6182974229714 40.09191632270813
187.50599990400306 52.298688650131226
184.7400347792985 52.69806623458862
177.92089800270028 58.90546679496765
163.39005868666933 59.2025945186615
176.61163479096436 59.80323553085327
180.5898175244559 60.102824449539185
170.91647638741128 60.60494112968445
168.88138203234442 60.80242109298706
173.31931530360023 61.004502058029175
179.21032495958733 61.10174584388733
178.1487236732748 61.30215406417847
169.6674195102416 61.80474925041199
169.67735125187104 62.00410461425781
173.35296363200717 62.204745054244995
169.65710528270682 62.408243894577026
170.43910310218243 62.50305151939392
168.71997404509952 62.804768800735474
178.9782028045203 63.00688982009888
184.5994049307183 64.20419096946716
181.56256504186982 65.20361804962158
195.21426387493483 65.30879306793213
179.86359132929604 65.40311241149902
181.2078829667063 65.50450015068054
189.86542808569908 65.60910654067993
185.32189926547844 65.70738315582275
182.14981835216028 65.808185338974
186.75476039323507 65.90769100189209
187.95960841507141 66.01012396812439
184.88614509734154 66.10577917098999
187.39975560306382 66.41633176803589
189.77030350300907 66.50587129592896
184.00576393252348 66.61079668998718
185.78131176169566 66.70794367790222
186.61431270160114 66.81046271324158
175.2191241693073 67.00812268257141
181.66002147850236 67.10688138008118
179.25591808923943 67.20746326446533
177.49797924875705 67.30810260772705
180.40035297385805 67.40857195854187
177.3900210306242 67.61140871047974
175.56892613075865 67.80946397781372
178.09309874459956 68.11002707481384
176.25274819090936 68.30713081359863
181.248093112317 68.40667581558228
183.0968215884161 68.5072557926178
183.4871057334719 68.6077094078064
184.09798946638978 68.7056040763855
178.36877688435138 68.80861806869507
173.49191915216073 68.90555047988892
182.6946853466924 69.01018381118774
191.6646729949389 69.10535335540771
181.8407146528148 69.21069002151489
183.5204321363648 69.30881571769714
186.40981031459413 69.40885639190674
186.6844183307341 69.50968289375305
180.4215016176238 69.604736328125
183.81404835038532 69.70881175994873
182.49333146577933 69.80760169029236
184.66179956654983 69.90825533866882
186.99507256714242 70.01008081436157
188.78782324740934 70.10669875144958
179.03521686317768 70.31467819213867
183.78538263801948 70.61361646652222
184.41873400353043 71.30927228927612
184.1791226788478 72.71212959289551
179.32007731212656 72.807932138443
181.4026304893891 72.90985631942749
179.5577481440661 73.0092842578888
180.85562312734024 73.11061120033264
181.1660432203585 73.31359910964966
178.92580644595256 73.41030883789062
179.94275411742777 73.50938725471497
179.6992084399058 73.60908794403076
179.94337978592708 73.70796608924866
178.93664349107385 73.81159400939941
187.157551273464 74.21562790870667
190.27617367102596 74.81773614883423
189.73662042649025 74.91000866889954
183.03667953300567 75.01343107223511
195.47155109507082 76.91193389892578
192.54815885335037 77.11133909225464
191.5089716759064 77.31592035293579
188.29813545263818 77.51278114318848
193.9467617462437 77.61089372634888
192.2899295758625 77.71118807792664
189.10075530824784 77.81208395957947
192.13961691245368 77.91023850440979
191.52478247472266 78.0129325389862
192.97629008003946 78.11120176315308
192.16506528922636 78.21084094047546
196.18193317149832 78.41477537155151
185.39132799297568 78.51166534423828
192.2672355625696 78.81621193885803
186.9987987073796 78.91445446014404
184.7534013498046 79.0122013092041
191.89284199375115 79.11217141151428
187.50759438096813 79.21411895751953
179.91471269757906 88.72721433639526
187.45981213852372 88.83520483970642
184.17961494001148 89.12642455101013
187.2260156482027 89.72636103630066
216.51707885153633 104.9343011379242
200.0790931729933 105.0350079536438
213.9095976371311 105.13317155838013
211.504913501848 105.23523163795471
210.4895137813674 105.43300318717957
218.15516703912192 105.5334529876709
206.3118545240431 105.73899507522583
217.33571189084347 105.83322095870972
212.20977631302625 105.93215847015381
219.84723513528112 106.04268527030945
212.11914480596343 106.14693188667297
202.06979014930818 106.24100112915039
205.36235316747394 106.33261227607727
213.887353541803 106.53072738647461