E 150.34495162963867 70.75245666503906 65.57083535194397 166.16111038584395
E 167.11003303527832 78.76537227630615 65.6475338935852 184.74238011587084
D 56.34970664978027 83.99649143218994 65.64889168739319 101.14692290146175
E 167.95652198791504 79.46666622161865 65.72486162185669 185.80727735655333
E 168.736665725708 78.70166683197021 65.79977440834045 186.1881164907142
E 165.32969093322754 76.66484451293945 65.86978149414062 182.23996567237856
E 170.72839546203613 81.15089130401611 66.08283638954163 189.0334684030255
E 164.30182456970215 73.8474292755127 66.29220080375671 180.13476168561976
D 54.54505920410156 80.04777336120605 66.29350304603577 96.8649033637362
D 56.150630950927734 84.1010684967041 66.43292307853699 101.12310852853861
E 168.47747802734375 77.84459495544434 66.43436932563782 185.59213767353208
E 164.41512298583984 71.15895080566406 66.50412225723267 179.15336710821754
E 167.71021842956543 72.39530944824219 66.77912664413452 182.6685473632483
E 162.41327285766602 65.74811553955078 66.91474103927612 175.21668270270612
E 167.12708282470703 71.96666622161865 67.00060772895813 181.96335581800625
E 165.2055263519287 72.40932655334473 67.07578587532043 180.37731705823415
E 173.11010551452637 80.05731582641602 67.15144157409668 190.72567328123648
D 58.99808883666992 79.62082099914551 67.29272699356079 99.09717262847394
E 170.9875888824463 74.47340393066406 67.29406309127808 186.50212718586434
E 170.86666679382324 72.21025657653809 67.43991446495056 185.49862257192336
D 42.5 96.0 67.50985026359558 104.98690394520642
E 162.31364250183105 69.33895874023438 67.57726240158081 176.50385191658606
D 60.639713287353516 84.26774406433105 68.04614114761353 103.81824269974926
E 162.61025619506836 65.63418769836426 68.12241435050964 175.35661383207045
E 165.6459255218506 71.065185546875 68.19130992889404 180.24659008925036
E 167.98030281066895 81.11666679382324 68.26717472076416 186.5403328079592
D 56.15449523925781 85.4634838104248 68.26876926422119 102.26110893487598
E 169.6144790649414 78.5791244506836 68.50255417823792 186.9324752628806
E 162.35865020751953 69.30590629577637 68.63309645652771 176.53226318349465
D 51.4143123626709 74.40113067626953 68.63517236709595 90.43760148098593